p cnf 729 8541
-89 0
157 0
237 0
322 0
404 0
483 0
-75 0
167 0
408 0
-69 0
17 0
95 0
253 0
423 0
499 0
-55 0
506 0
31 0
197 0
437 0
603 0
-40 0
124 0
200 0
606 0
536 0
-20 0
60 0
219 0
301 0
549 0
629 0
68 0
152 0
234 0
631 0
-90 -89 -88 -87 -86 -85 -84 -83 -82  0
-9 -8 -7 -6 -5 -4 -3 -2 -1  0
72 73 74 75 76 77 78 79 80  0
153 154 155 156 157 158 159 160 161  0
234 235 236 237 238 239 240 241 242  0
315 316 317 318 319 320 321 322 323  0
396 397 398 399 400 401 402 403 404  0
477 478 479 480 481 482 483 484 485  0
558 559 560 561 562 563 564 565 566  0
-81 -80 -79 -78 -77 -76 -75 -74 -73  0
0 1 2 3 4 5 6 7 8  0
81 82 83 84 85 86 87 88 89  0
162 163 164 165 166 167 168 169 170  0
243 244 245 246 247 248 249 250 251  0
324 325 326 327 328 329 330 331 332  0
405 406 407 408 409 410 411 412 413  0
486 487 488 489 490 491 492 493 494  0
567 568 569 570 571 572 573 574 575  0
-72 -71 -70 -69 -68 -67 -66 -65 -64  0
9 10 11 12 13 14 15 16 17  0
90 91 92 93 94 95 96 97 98  0
171 172 173 174 175 176 177 178 179  0
252 253 254 255 256 257 258 259 260  0
333 334 335 336 337 338 339 340 341  0
414 415 416 417 418 419 420 421 422  0
495 496 497 498 499 500 501 502 503  0
576 577 578 579 580 581 582 583 584  0
-63 -62 -61 -60 -59 -58 -57 -56 -55  0
18 19 20 21 22 23 24 25 26  0
99 100 101 102 103 104 105 106 107  0
180 181 182 183 184 185 186 187 188  0
261 262 263 264 265 266 267 268 269  0
342 343 344 345 346 347 348 349 350  0
423 424 425 426 427 428 429 430 431  0
504 505 506 507 508 509 510 511 512  0
585 586 587 588 589 590 591 592 593  0
-54 -53 -52 -51 -50 -49 -48 -47 -46  0
27 28 29 30 31 32 33 34 35  0
108 109 110 111 112 113 114 115 116  0
189 190 191 192 193 194 195 196 197  0
270 271 272 273 274 275 276 277 278  0
351 352 353 354 355 356 357 358 359  0
432 433 434 435 436 437 438 439 440  0
513 514 515 516 517 518 519 520 521  0
594 595 596 597 598 599 600 601 602  0
-45 -44 -43 -42 -41 -40 -39 -38 -37  0
36 37 38 39 40 41 42 43 44  0
117 118 119 120 121 122 123 124 125  0
198 199 200 201 202 203 204 205 206  0
279 280 281 282 283 284 285 286 287  0
360 361 362 363 364 365 366 367 368  0
441 442 443 444 445 446 447 448 449  0
522 523 524 525 526 527 528 529 530  0
603 604 605 606 607 608 609 610 611  0
-36 -35 -34 -33 -32 -31 -30 -29 -28  0
45 46 47 48 49 50 51 52 53  0
126 127 128 129 130 131 132 133 134  0
207 208 209 210 211 212 213 214 215  0
288 289 290 291 292 293 294 295 296  0
369 370 371 372 373 374 375 376 377  0
450 451 452 453 454 455 456 457 458  0
531 532 533 534 535 536 537 538 539  0
612 613 614 615 616 617 618 619 620  0
-27 -26 -25 -24 -23 -22 -21 -20 -19  0
54 55 56 57 58 59 60 61 62  0
135 136 137 138 139 140 141 142 143  0
216 217 218 219 220 221 222 223 224  0
297 298 299 300 301 302 303 304 305  0
378 379 380 381 382 383 384 385 386  0
459 460 461 462 463 464 465 466 467  0
540 541 542 543 544 545 546 547 548  0
621 622 623 624 625 626 627 628 629  0
-18 -17 -16 -15 -14 -13 -12 -11 -10  0
63 64 65 66 67 68 69 70 71  0
144 145 146 147 148 149 150 151 152  0
225 226 227 228 229 230 231 232 233  0
306 307 308 309 310 311 312 313 314  0
387 388 389 390 391 392 393 394 395  0
468 469 470 471 472 473 474 475 476  0
549 550 551 552 553 554 555 556 557  0
630 631 632 633 634 635 636 637 638  0
-90 -81 0
-90 -72 0
-90 -63 0
-90 -54 0
-90 -45 0
-90 -36 0
-90 -27 0
-90 -18 0
-81 -72 0
-81 -63 0
-81 -54 0
-81 -45 0
-81 -36 0
-81 -27 0
-81 -18 0
-72 -63 0
-72 -54 0
-72 -45 0
-72 -36 0
-72 -27 0
-72 -18 0
-63 -54 0
-63 -45 0
-63 -36 0
-63 -27 0
-63 -18 0
-54 -45 0
-54 -36 0
-54 -27 0
-54 -18 0
-45 -36 0
-45 -27 0
-45 -18 0
-36 -27 0
-36 -18 0
-27 -18 0
-89 -80 0
-89 -71 0
-89 -62 0
-89 -53 0
-89 -44 0
-89 -35 0
-89 -26 0
-89 -17 0
-80 -71 0
-80 -62 0
-80 -53 0
-80 -44 0
-80 -35 0
-80 -26 0
-80 -17 0
-71 -62 0
-71 -53 0
-71 -44 0
-71 -35 0
-71 -26 0
-71 -17 0
-62 -53 0
-62 -44 0
-62 -35 0
-62 -26 0
-62 -17 0
-53 -44 0
-53 -35 0
-53 -26 0
-53 -17 0
-44 -35 0
-44 -26 0
-44 -17 0
-35 -26 0
-35 -17 0
-26 -17 0
-88 -79 0
-88 -70 0
-88 -61 0
-88 -52 0
-88 -43 0
-88 -34 0
-88 -25 0
-88 -16 0
-79 -70 0
-79 -61 0
-79 -52 0
-79 -43 0
-79 -34 0
-79 -25 0
-79 -16 0
-70 -61 0
-70 -52 0
-70 -43 0
-70 -34 0
-70 -25 0
-70 -16 0
-61 -52 0
-61 -43 0
-61 -34 0
-61 -25 0
-61 -16 0
-52 -43 0
-52 -34 0
-52 -25 0
-52 -16 0
-43 -34 0
-43 -25 0
-43 -16 0
-34 -25 0
-34 -16 0
-25 -16 0
-87 -78 0
-87 -69 0
-87 -60 0
-87 -51 0
-87 -42 0
-87 -33 0
-87 -24 0
-87 -15 0
-78 -69 0
-78 -60 0
-78 -51 0
-78 -42 0
-78 -33 0
-78 -24 0
-78 -15 0
-69 -60 0
-69 -51 0
-69 -42 0
-69 -33 0
-69 -24 0
-69 -15 0
-60 -51 0
-60 -42 0
-60 -33 0
-60 -24 0
-60 -15 0
-51 -42 0
-51 -33 0
-51 -24 0
-51 -15 0
-42 -33 0
-42 -24 0
-42 -15 0
-33 -24 0
-33 -15 0
-24 -15 0
-86 -77 0
-86 -68 0
-86 -59 0
-86 -50 0
-86 -41 0
-86 -32 0
-86 -23 0
-86 -14 0
-77 -68 0
-77 -59 0
-77 -50 0
-77 -41 0
-77 -32 0
-77 -23 0
-77 -14 0
-68 -59 0
-68 -50 0
-68 -41 0
-68 -32 0
-68 -23 0
-68 -14 0
-59 -50 0
-59 -41 0
-59 -32 0
-59 -23 0
-59 -14 0
-50 -41 0
-50 -32 0
-50 -23 0
-50 -14 0
-41 -32 0
-41 -23 0
-41 -14 0
-32 -23 0
-32 -14 0
-23 -14 0
-85 -76 0
-85 -67 0
-85 -58 0
-85 -49 0
-85 -40 0
-85 -31 0
-85 -22 0
-85 -13 0
-76 -67 0
-76 -58 0
-76 -49 0
-76 -40 0
-76 -31 0
-76 -22 0
-76 -13 0
-67 -58 0
-67 -49 0
-67 -40 0
-67 -31 0
-67 -22 0
-67 -13 0
-58 -49 0
-58 -40 0
-58 -31 0
-58 -22 0
-58 -13 0
-49 -40 0
-49 -31 0
-49 -22 0
-49 -13 0
-40 -31 0
-40 -22 0
-40 -13 0
-31 -22 0
-31 -13 0
-22 -13 0
-84 -75 0
-84 -66 0
-84 -57 0
-84 -48 0
-84 -39 0
-84 -30 0
-84 -21 0
-84 -12 0
-75 -66 0
-75 -57 0
-75 -48 0
-75 -39 0
-75 -30 0
-75 -21 0
-75 -12 0
-66 -57 0
-66 -48 0
-66 -39 0
-66 -30 0
-66 -21 0
-66 -12 0
-57 -48 0
-57 -39 0
-57 -30 0
-57 -21 0
-57 -12 0
-48 -39 0
-48 -30 0
-48 -21 0
-48 -12 0
-39 -30 0
-39 -21 0
-39 -12 0
-30 -21 0
-30 -12 0
-21 -12 0
-83 -74 0
-83 -65 0
-83 -56 0
-83 -47 0
-83 -38 0
-83 -29 0
-83 -20 0
-83 -11 0
-74 -65 0
-74 -56 0
-74 -47 0
-74 -38 0
-74 -29 0
-74 -20 0
-74 -11 0
-65 -56 0
-65 -47 0
-65 -38 0
-65 -29 0
-65 -20 0
-65 -11 0
-56 -47 0
-56 -38 0
-56 -29 0
-56 -20 0
-56 -11 0
-47 -38 0
-47 -29 0
-47 -20 0
-47 -11 0
-38 -29 0
-38 -20 0
-38 -11 0
-29 -20 0
-29 -11 0
-20 -11 0
-82 -73 0
-82 -64 0
-82 -55 0
-82 -46 0
-82 -37 0
-82 -28 0
-82 -19 0
-82 -10 0
-73 -64 0
-73 -55 0
-73 -46 0
-73 -37 0
-73 -28 0
-73 -19 0
-73 -10 0
-64 -55 0
-64 -46 0
-64 -37 0
-64 -28 0
-64 -19 0
-64 -10 0
-55 -46 0
-55 -37 0
-55 -28 0
-55 -19 0
-55 -10 0
-46 -37 0
-46 -28 0
-46 -19 0
-46 -10 0
-37 -28 0
-37 -19 0
-37 -10 0
-28 -19 0
-28 -10 0
-19 -10 0
-9 0 0
-9 9 0
-9 18 0
-9 27 0
-9 36 0
-9 45 0
-9 54 0
-9 63 0
0 9 0
0 18 0
0 27 0
0 36 0
0 45 0
0 54 0
0 63 0
9 18 0
9 27 0
9 36 0
9 45 0
9 54 0
9 63 0
18 27 0
18 36 0
18 45 0
18 54 0
18 63 0
27 36 0
27 45 0
27 54 0
27 63 0
36 45 0
36 54 0
36 63 0
45 54 0
45 63 0
54 63 0
-8 1 0
-8 10 0
-8 19 0
-8 28 0
-8 37 0
-8 46 0
-8 55 0
-8 64 0
1 10 0
1 19 0
1 28 0
1 37 0
1 46 0
1 55 0
1 64 0
10 19 0
10 28 0
10 37 0
10 46 0
10 55 0
10 64 0
19 28 0
19 37 0
19 46 0
19 55 0
19 64 0
28 37 0
28 46 0
28 55 0
28 64 0
37 46 0
37 55 0
37 64 0
46 55 0
46 64 0
55 64 0
-7 2 0
-7 11 0
-7 20 0
-7 29 0
-7 38 0
-7 47 0
-7 56 0
-7 65 0
2 11 0
2 20 0
2 29 0
2 38 0
2 47 0
2 56 0
2 65 0
11 20 0
11 29 0
11 38 0
11 47 0
11 56 0
11 65 0
20 29 0
20 38 0
20 47 0
20 56 0
20 65 0
29 38 0
29 47 0
29 56 0
29 65 0
38 47 0
38 56 0
38 65 0
47 56 0
47 65 0
56 65 0
-6 3 0
-6 12 0
-6 21 0
-6 30 0
-6 39 0
-6 48 0
-6 57 0
-6 66 0
3 12 0
3 21 0
3 30 0
3 39 0
3 48 0
3 57 0
3 66 0
12 21 0
12 30 0
12 39 0
12 48 0
12 57 0
12 66 0
21 30 0
21 39 0
21 48 0
21 57 0
21 66 0
30 39 0
30 48 0
30 57 0
30 66 0
39 48 0
39 57 0
39 66 0
48 57 0
48 66 0
57 66 0
-5 4 0
-5 13 0
-5 22 0
-5 31 0
-5 40 0
-5 49 0
-5 58 0
-5 67 0
4 13 0
4 22 0
4 31 0
4 40 0
4 49 0
4 58 0
4 67 0
13 22 0
13 31 0
13 40 0
13 49 0
13 58 0
13 67 0
22 31 0
22 40 0
22 49 0
22 58 0
22 67 0
31 40 0
31 49 0
31 58 0
31 67 0
40 49 0
40 58 0
40 67 0
49 58 0
49 67 0
58 67 0
-4 5 0
-4 14 0
-4 23 0
-4 32 0
-4 41 0
-4 50 0
-4 59 0
-4 68 0
5 14 0
5 23 0
5 32 0
5 41 0
5 50 0
5 59 0
5 68 0
14 23 0
14 32 0
14 41 0
14 50 0
14 59 0
14 68 0
23 32 0
23 41 0
23 50 0
23 59 0
23 68 0
32 41 0
32 50 0
32 59 0
32 68 0
41 50 0
41 59 0
41 68 0
50 59 0
50 68 0
59 68 0
-3 6 0
-3 15 0
-3 24 0
-3 33 0
-3 42 0
-3 51 0
-3 60 0
-3 69 0
6 15 0
6 24 0
6 33 0
6 42 0
6 51 0
6 60 0
6 69 0
15 24 0
15 33 0
15 42 0
15 51 0
15 60 0
15 69 0
24 33 0
24 42 0
24 51 0
24 60 0
24 69 0
33 42 0
33 51 0
33 60 0
33 69 0
42 51 0
42 60 0
42 69 0
51 60 0
51 69 0
60 69 0
-2 7 0
-2 16 0
-2 25 0
-2 34 0
-2 43 0
-2 52 0
-2 61 0
-2 70 0
7 16 0
7 25 0
7 34 0
7 43 0
7 52 0
7 61 0
7 70 0
16 25 0
16 34 0
16 43 0
16 52 0
16 61 0
16 70 0
25 34 0
25 43 0
25 52 0
25 61 0
25 70 0
34 43 0
34 52 0
34 61 0
34 70 0
43 52 0
43 61 0
43 70 0
52 61 0
52 70 0
61 70 0
-1 8 0
-1 17 0
-1 26 0
-1 35 0
-1 44 0
-1 53 0
-1 62 0
-1 71 0
8 17 0
8 26 0
8 35 0
8 44 0
8 53 0
8 62 0
8 71 0
17 26 0
17 35 0
17 44 0
17 53 0
17 62 0
17 71 0
26 35 0
26 44 0
26 53 0
26 62 0
26 71 0
35 44 0
35 53 0
35 62 0
35 71 0
44 53 0
44 62 0
44 71 0
53 62 0
53 71 0
62 71 0
72 81 0
72 90 0
72 99 0
72 108 0
72 117 0
72 126 0
72 135 0
72 144 0
81 90 0
81 99 0
81 108 0
81 117 0
81 126 0
81 135 0
81 144 0
90 99 0
90 108 0
90 117 0
90 126 0
90 135 0
90 144 0
99 108 0
99 117 0
99 126 0
99 135 0
99 144 0
108 117 0
108 126 0
108 135 0
108 144 0
117 126 0
117 135 0
117 144 0
126 135 0
126 144 0
135 144 0
73 82 0
73 91 0
73 100 0
73 109 0
73 118 0
73 127 0
73 136 0
73 145 0
82 91 0
82 100 0
82 109 0
82 118 0
82 127 0
82 136 0
82 145 0
91 100 0
91 109 0
91 118 0
91 127 0
91 136 0
91 145 0
100 109 0
100 118 0
100 127 0
100 136 0
100 145 0
109 118 0
109 127 0
109 136 0
109 145 0
118 127 0
118 136 0
118 145 0
127 136 0
127 145 0
136 145 0
74 83 0
74 92 0
74 101 0
74 110 0
74 119 0
74 128 0
74 137 0
74 146 0
83 92 0
83 101 0
83 110 0
83 119 0
83 128 0
83 137 0
83 146 0
92 101 0
92 110 0
92 119 0
92 128 0
92 137 0
92 146 0
101 110 0
101 119 0
101 128 0
101 137 0
101 146 0
110 119 0
110 128 0
110 137 0
110 146 0
119 128 0
119 137 0
119 146 0
128 137 0
128 146 0
137 146 0
75 84 0
75 93 0
75 102 0
75 111 0
75 120 0
75 129 0
75 138 0
75 147 0
84 93 0
84 102 0
84 111 0
84 120 0
84 129 0
84 138 0
84 147 0
93 102 0
93 111 0
93 120 0
93 129 0
93 138 0
93 147 0
102 111 0
102 120 0
102 129 0
102 138 0
102 147 0
111 120 0
111 129 0
111 138 0
111 147 0
120 129 0
120 138 0
120 147 0
129 138 0
129 147 0
138 147 0
76 85 0
76 94 0
76 103 0
76 112 0
76 121 0
76 130 0
76 139 0
76 148 0
85 94 0
85 103 0
85 112 0
85 121 0
85 130 0
85 139 0
85 148 0
94 103 0
94 112 0
94 121 0
94 130 0
94 139 0
94 148 0
103 112 0
103 121 0
103 130 0
103 139 0
103 148 0
112 121 0
112 130 0
112 139 0
112 148 0
121 130 0
121 139 0
121 148 0
130 139 0
130 148 0
139 148 0
77 86 0
77 95 0
77 104 0
77 113 0
77 122 0
77 131 0
77 140 0
77 149 0
86 95 0
86 104 0
86 113 0
86 122 0
86 131 0
86 140 0
86 149 0
95 104 0
95 113 0
95 122 0
95 131 0
95 140 0
95 149 0
104 113 0
104 122 0
104 131 0
104 140 0
104 149 0
113 122 0
113 131 0
113 140 0
113 149 0
122 131 0
122 140 0
122 149 0
131 140 0
131 149 0
140 149 0
78 87 0
78 96 0
78 105 0
78 114 0
78 123 0
78 132 0
78 141 0
78 150 0
87 96 0
87 105 0
87 114 0
87 123 0
87 132 0
87 141 0
87 150 0
96 105 0
96 114 0
96 123 0
96 132 0
96 141 0
96 150 0
105 114 0
105 123 0
105 132 0
105 141 0
105 150 0
114 123 0
114 132 0
114 141 0
114 150 0
123 132 0
123 141 0
123 150 0
132 141 0
132 150 0
141 150 0
79 88 0
79 97 0
79 106 0
79 115 0
79 124 0
79 133 0
79 142 0
79 151 0
88 97 0
88 106 0
88 115 0
88 124 0
88 133 0
88 142 0
88 151 0
97 106 0
97 115 0
97 124 0
97 133 0
97 142 0
97 151 0
106 115 0
106 124 0
106 133 0
106 142 0
106 151 0
115 124 0
115 133 0
115 142 0
115 151 0
124 133 0
124 142 0
124 151 0
133 142 0
133 151 0
142 151 0
80 89 0
80 98 0
80 107 0
80 116 0
80 125 0
80 134 0
80 143 0
80 152 0
89 98 0
89 107 0
89 116 0
89 125 0
89 134 0
89 143 0
89 152 0
98 107 0
98 116 0
98 125 0
98 134 0
98 143 0
98 152 0
107 116 0
107 125 0
107 134 0
107 143 0
107 152 0
116 125 0
116 134 0
116 143 0
116 152 0
125 134 0
125 143 0
125 152 0
134 143 0
134 152 0
143 152 0
153 162 0
153 171 0
153 180 0
153 189 0
153 198 0
153 207 0
153 216 0
153 225 0
162 171 0
162 180 0
162 189 0
162 198 0
162 207 0
162 216 0
162 225 0
171 180 0
171 189 0
171 198 0
171 207 0
171 216 0
171 225 0
180 189 0
180 198 0
180 207 0
180 216 0
180 225 0
189 198 0
189 207 0
189 216 0
189 225 0
198 207 0
198 216 0
198 225 0
207 216 0
207 225 0
216 225 0
154 163 0
154 172 0
154 181 0
154 190 0
154 199 0
154 208 0
154 217 0
154 226 0
163 172 0
163 181 0
163 190 0
163 199 0
163 208 0
163 217 0
163 226 0
172 181 0
172 190 0
172 199 0
172 208 0
172 217 0
172 226 0
181 190 0
181 199 0
181 208 0
181 217 0
181 226 0
190 199 0
190 208 0
190 217 0
190 226 0
199 208 0
199 217 0
199 226 0
208 217 0
208 226 0
217 226 0
155 164 0
155 173 0
155 182 0
155 191 0
155 200 0
155 209 0
155 218 0
155 227 0
164 173 0
164 182 0
164 191 0
164 200 0
164 209 0
164 218 0
164 227 0
173 182 0
173 191 0
173 200 0
173 209 0
173 218 0
173 227 0
182 191 0
182 200 0
182 209 0
182 218 0
182 227 0
191 200 0
191 209 0
191 218 0
191 227 0
200 209 0
200 218 0
200 227 0
209 218 0
209 227 0
218 227 0
156 165 0
156 174 0
156 183 0
156 192 0
156 201 0
156 210 0
156 219 0
156 228 0
165 174 0
165 183 0
165 192 0
165 201 0
165 210 0
165 219 0
165 228 0
174 183 0
174 192 0
174 201 0
174 210 0
174 219 0
174 228 0
183 192 0
183 201 0
183 210 0
183 219 0
183 228 0
192 201 0
192 210 0
192 219 0
192 228 0
201 210 0
201 219 0
201 228 0
210 219 0
210 228 0
219 228 0
157 166 0
157 175 0
157 184 0
157 193 0
157 202 0
157 211 0
157 220 0
157 229 0
166 175 0
166 184 0
166 193 0
166 202 0
166 211 0
166 220 0
166 229 0
175 184 0
175 193 0
175 202 0
175 211 0
175 220 0
175 229 0
184 193 0
184 202 0
184 211 0
184 220 0
184 229 0
193 202 0
193 211 0
193 220 0
193 229 0
202 211 0
202 220 0
202 229 0
211 220 0
211 229 0
220 229 0
158 167 0
158 176 0
158 185 0
158 194 0
158 203 0
158 212 0
158 221 0
158 230 0
167 176 0
167 185 0
167 194 0
167 203 0
167 212 0
167 221 0
167 230 0
176 185 0
176 194 0
176 203 0
176 212 0
176 221 0
176 230 0
185 194 0
185 203 0
185 212 0
185 221 0
185 230 0
194 203 0
194 212 0
194 221 0
194 230 0
203 212 0
203 221 0
203 230 0
212 221 0
212 230 0
221 230 0
159 168 0
159 177 0
159 186 0
159 195 0
159 204 0
159 213 0
159 222 0
159 231 0
168 177 0
168 186 0
168 195 0
168 204 0
168 213 0
168 222 0
168 231 0
177 186 0
177 195 0
177 204 0
177 213 0
177 222 0
177 231 0
186 195 0
186 204 0
186 213 0
186 222 0
186 231 0
195 204 0
195 213 0
195 222 0
195 231 0
204 213 0
204 222 0
204 231 0
213 222 0
213 231 0
222 231 0
160 169 0
160 178 0
160 187 0
160 196 0
160 205 0
160 214 0
160 223 0
160 232 0
169 178 0
169 187 0
169 196 0
169 205 0
169 214 0
169 223 0
169 232 0
178 187 0
178 196 0
178 205 0
178 214 0
178 223 0
178 232 0
187 196 0
187 205 0
187 214 0
187 223 0
187 232 0
196 205 0
196 214 0
196 223 0
196 232 0
205 214 0
205 223 0
205 232 0
214 223 0
214 232 0
223 232 0
161 170 0
161 179 0
161 188 0
161 197 0
161 206 0
161 215 0
161 224 0
161 233 0
170 179 0
170 188 0
170 197 0
170 206 0
170 215 0
170 224 0
170 233 0
179 188 0
179 197 0
179 206 0
179 215 0
179 224 0
179 233 0
188 197 0
188 206 0
188 215 0
188 224 0
188 233 0
197 206 0
197 215 0
197 224 0
197 233 0
206 215 0
206 224 0
206 233 0
215 224 0
215 233 0
224 233 0
234 243 0
234 252 0
234 261 0
234 270 0
234 279 0
234 288 0
234 297 0
234 306 0
243 252 0
243 261 0
243 270 0
243 279 0
243 288 0
243 297 0
243 306 0
252 261 0
252 270 0
252 279 0
252 288 0
252 297 0
252 306 0
261 270 0
261 279 0
261 288 0
261 297 0
261 306 0
270 279 0
270 288 0
270 297 0
270 306 0
279 288 0
279 297 0
279 306 0
288 297 0
288 306 0
297 306 0
235 244 0
235 253 0
235 262 0
235 271 0
235 280 0
235 289 0
235 298 0
235 307 0
244 253 0
244 262 0
244 271 0
244 280 0
244 289 0
244 298 0
244 307 0
253 262 0
253 271 0
253 280 0
253 289 0
253 298 0
253 307 0
262 271 0
262 280 0
262 289 0
262 298 0
262 307 0
271 280 0
271 289 0
271 298 0
271 307 0
280 289 0
280 298 0
280 307 0
289 298 0
289 307 0
298 307 0
236 245 0
236 254 0
236 263 0
236 272 0
236 281 0
236 290 0
236 299 0
236 308 0
245 254 0
245 263 0
245 272 0
245 281 0
245 290 0
245 299 0
245 308 0
254 263 0
254 272 0
254 281 0
254 290 0
254 299 0
254 308 0
263 272 0
263 281 0
263 290 0
263 299 0
263 308 0
272 281 0
272 290 0
272 299 0
272 308 0
281 290 0
281 299 0
281 308 0
290 299 0
290 308 0
299 308 0
237 246 0
237 255 0
237 264 0
237 273 0
237 282 0
237 291 0
237 300 0
237 309 0
246 255 0
246 264 0
246 273 0
246 282 0
246 291 0
246 300 0
246 309 0
255 264 0
255 273 0
255 282 0
255 291 0
255 300 0
255 309 0
264 273 0
264 282 0
264 291 0
264 300 0
264 309 0
273 282 0
273 291 0
273 300 0
273 309 0
282 291 0
282 300 0
282 309 0
291 300 0
291 309 0
300 309 0
238 247 0
238 256 0
238 265 0
238 274 0
238 283 0
238 292 0
238 301 0
238 310 0
247 256 0
247 265 0
247 274 0
247 283 0
247 292 0
247 301 0
247 310 0
256 265 0
256 274 0
256 283 0
256 292 0
256 301 0
256 310 0
265 274 0
265 283 0
265 292 0
265 301 0
265 310 0
274 283 0
274 292 0
274 301 0
274 310 0
283 292 0
283 301 0
283 310 0
292 301 0
292 310 0
301 310 0
239 248 0
239 257 0
239 266 0
239 275 0
239 284 0
239 293 0
239 302 0
239 311 0
248 257 0
248 266 0
248 275 0
248 284 0
248 293 0
248 302 0
248 311 0
257 266 0
257 275 0
257 284 0
257 293 0
257 302 0
257 311 0
266 275 0
266 284 0
266 293 0
266 302 0
266 311 0
275 284 0
275 293 0
275 302 0
275 311 0
284 293 0
284 302 0
284 311 0
293 302 0
293 311 0
302 311 0
240 249 0
240 258 0
240 267 0
240 276 0
240 285 0
240 294 0
240 303 0
240 312 0
249 258 0
249 267 0
249 276 0
249 285 0
249 294 0
249 303 0
249 312 0
258 267 0
258 276 0
258 285 0
258 294 0
258 303 0
258 312 0
267 276 0
267 285 0
267 294 0
267 303 0
267 312 0
276 285 0
276 294 0
276 303 0
276 312 0
285 294 0
285 303 0
285 312 0
294 303 0
294 312 0
303 312 0
241 250 0
241 259 0
241 268 0
241 277 0
241 286 0
241 295 0
241 304 0
241 313 0
250 259 0
250 268 0
250 277 0
250 286 0
250 295 0
250 304 0
250 313 0
259 268 0
259 277 0
259 286 0
259 295 0
259 304 0
259 313 0
268 277 0
268 286 0
268 295 0
268 304 0
268 313 0
277 286 0
277 295 0
277 304 0
277 313 0
286 295 0
286 304 0
286 313 0
295 304 0
295 313 0
304 313 0
242 251 0
242 260 0
242 269 0
242 278 0
242 287 0
242 296 0
242 305 0
242 314 0
251 260 0
251 269 0
251 278 0
251 287 0
251 296 0
251 305 0
251 314 0
260 269 0
260 278 0
260 287 0
260 296 0
260 305 0
260 314 0
269 278 0
269 287 0
269 296 0
269 305 0
269 314 0
278 287 0
278 296 0
278 305 0
278 314 0
287 296 0
287 305 0
287 314 0
296 305 0
296 314 0
305 314 0
315 324 0
315 333 0
315 342 0
315 351 0
315 360 0
315 369 0
315 378 0
315 387 0
324 333 0
324 342 0
324 351 0
324 360 0
324 369 0
324 378 0
324 387 0
333 342 0
333 351 0
333 360 0
333 369 0
333 378 0
333 387 0
342 351 0
342 360 0
342 369 0
342 378 0
342 387 0
351 360 0
351 369 0
351 378 0
351 387 0
360 369 0
360 378 0
360 387 0
369 378 0
369 387 0
378 387 0
316 325 0
316 334 0
316 343 0
316 352 0
316 361 0
316 370 0
316 379 0
316 388 0
325 334 0
325 343 0
325 352 0
325 361 0
325 370 0
325 379 0
325 388 0
334 343 0
334 352 0
334 361 0
334 370 0
334 379 0
334 388 0
343 352 0
343 361 0
343 370 0
343 379 0
343 388 0
352 361 0
352 370 0
352 379 0
352 388 0
361 370 0
361 379 0
361 388 0
370 379 0
370 388 0
379 388 0
317 326 0
317 335 0
317 344 0
317 353 0
317 362 0
317 371 0
317 380 0
317 389 0
326 335 0
326 344 0
326 353 0
326 362 0
326 371 0
326 380 0
326 389 0
335 344 0
335 353 0
335 362 0
335 371 0
335 380 0
335 389 0
344 353 0
344 362 0
344 371 0
344 380 0
344 389 0
353 362 0
353 371 0
353 380 0
353 389 0
362 371 0
362 380 0
362 389 0
371 380 0
371 389 0
380 389 0
318 327 0
318 336 0
318 345 0
318 354 0
318 363 0
318 372 0
318 381 0
318 390 0
327 336 0
327 345 0
327 354 0
327 363 0
327 372 0
327 381 0
327 390 0
336 345 0
336 354 0
336 363 0
336 372 0
336 381 0
336 390 0
345 354 0
345 363 0
345 372 0
345 381 0
345 390 0
354 363 0
354 372 0
354 381 0
354 390 0
363 372 0
363 381 0
363 390 0
372 381 0
372 390 0
381 390 0
319 328 0
319 337 0
319 346 0
319 355 0
319 364 0
319 373 0
319 382 0
319 391 0
328 337 0
328 346 0
328 355 0
328 364 0
328 373 0
328 382 0
328 391 0
337 346 0
337 355 0
337 364 0
337 373 0
337 382 0
337 391 0
346 355 0
346 364 0
346 373 0
346 382 0
346 391 0
355 364 0
355 373 0
355 382 0
355 391 0
364 373 0
364 382 0
364 391 0
373 382 0
373 391 0
382 391 0
320 329 0
320 338 0
320 347 0
320 356 0
320 365 0
320 374 0
320 383 0
320 392 0
329 338 0
329 347 0
329 356 0
329 365 0
329 374 0
329 383 0
329 392 0
338 347 0
338 356 0
338 365 0
338 374 0
338 383 0
338 392 0
347 356 0
347 365 0
347 374 0
347 383 0
347 392 0
356 365 0
356 374 0
356 383 0
356 392 0
365 374 0
365 383 0
365 392 0
374 383 0
374 392 0
383 392 0
321 330 0
321 339 0
321 348 0
321 357 0
321 366 0
321 375 0
321 384 0
321 393 0
330 339 0
330 348 0
330 357 0
330 366 0
330 375 0
330 384 0
330 393 0
339 348 0
339 357 0
339 366 0
339 375 0
339 384 0
339 393 0
348 357 0
348 366 0
348 375 0
348 384 0
348 393 0
357 366 0
357 375 0
357 384 0
357 393 0
366 375 0
366 384 0
366 393 0
375 384 0
375 393 0
384 393 0
322 331 0
322 340 0
322 349 0
322 358 0
322 367 0
322 376 0
322 385 0
322 394 0
331 340 0
331 349 0
331 358 0
331 367 0
331 376 0
331 385 0
331 394 0
340 349 0
340 358 0
340 367 0
340 376 0
340 385 0
340 394 0
349 358 0
349 367 0
349 376 0
349 385 0
349 394 0
358 367 0
358 376 0
358 385 0
358 394 0
367 376 0
367 385 0
367 394 0
376 385 0
376 394 0
385 394 0
323 332 0
323 341 0
323 350 0
323 359 0
323 368 0
323 377 0
323 386 0
323 395 0
332 341 0
332 350 0
332 359 0
332 368 0
332 377 0
332 386 0
332 395 0
341 350 0
341 359 0
341 368 0
341 377 0
341 386 0
341 395 0
350 359 0
350 368 0
350 377 0
350 386 0
350 395 0
359 368 0
359 377 0
359 386 0
359 395 0
368 377 0
368 386 0
368 395 0
377 386 0
377 395 0
386 395 0
396 405 0
396 414 0
396 423 0
396 432 0
396 441 0
396 450 0
396 459 0
396 468 0
405 414 0
405 423 0
405 432 0
405 441 0
405 450 0
405 459 0
405 468 0
414 423 0
414 432 0
414 441 0
414 450 0
414 459 0
414 468 0
423 432 0
423 441 0
423 450 0
423 459 0
423 468 0
432 441 0
432 450 0
432 459 0
432 468 0
441 450 0
441 459 0
441 468 0
450 459 0
450 468 0
459 468 0
397 406 0
397 415 0
397 424 0
397 433 0
397 442 0
397 451 0
397 460 0
397 469 0
406 415 0
406 424 0
406 433 0
406 442 0
406 451 0
406 460 0
406 469 0
415 424 0
415 433 0
415 442 0
415 451 0
415 460 0
415 469 0
424 433 0
424 442 0
424 451 0
424 460 0
424 469 0
433 442 0
433 451 0
433 460 0
433 469 0
442 451 0
442 460 0
442 469 0
451 460 0
451 469 0
460 469 0
398 407 0
398 416 0
398 425 0
398 434 0
398 443 0
398 452 0
398 461 0
398 470 0
407 416 0
407 425 0
407 434 0
407 443 0
407 452 0
407 461 0
407 470 0
416 425 0
416 434 0
416 443 0
416 452 0
416 461 0
416 470 0
425 434 0
425 443 0
425 452 0
425 461 0
425 470 0
434 443 0
434 452 0
434 461 0
434 470 0
443 452 0
443 461 0
443 470 0
452 461 0
452 470 0
461 470 0
399 408 0
399 417 0
399 426 0
399 435 0
399 444 0
399 453 0
399 462 0
399 471 0
408 417 0
408 426 0
408 435 0
408 444 0
408 453 0
408 462 0
408 471 0
417 426 0
417 435 0
417 444 0
417 453 0
417 462 0
417 471 0
426 435 0
426 444 0
426 453 0
426 462 0
426 471 0
435 444 0
435 453 0
435 462 0
435 471 0
444 453 0
444 462 0
444 471 0
453 462 0
453 471 0
462 471 0
400 409 0
400 418 0
400 427 0
400 436 0
400 445 0
400 454 0
400 463 0
400 472 0
409 418 0
409 427 0
409 436 0
409 445 0
409 454 0
409 463 0
409 472 0
418 427 0
418 436 0
418 445 0
418 454 0
418 463 0
418 472 0
427 436 0
427 445 0
427 454 0
427 463 0
427 472 0
436 445 0
436 454 0
436 463 0
436 472 0
445 454 0
445 463 0
445 472 0
454 463 0
454 472 0
463 472 0
401 410 0
401 419 0
401 428 0
401 437 0
401 446 0
401 455 0
401 464 0
401 473 0
410 419 0
410 428 0
410 437 0
410 446 0
410 455 0
410 464 0
410 473 0
419 428 0
419 437 0
419 446 0
419 455 0
419 464 0
419 473 0
428 437 0
428 446 0
428 455 0
428 464 0
428 473 0
437 446 0
437 455 0
437 464 0
437 473 0
446 455 0
446 464 0
446 473 0
455 464 0
455 473 0
464 473 0
402 411 0
402 420 0
402 429 0
402 438 0
402 447 0
402 456 0
402 465 0
402 474 0
411 420 0
411 429 0
411 438 0
411 447 0
411 456 0
411 465 0
411 474 0
420 429 0
420 438 0
420 447 0
420 456 0
420 465 0
420 474 0
429 438 0
429 447 0
429 456 0
429 465 0
429 474 0
438 447 0
438 456 0
438 465 0
438 474 0
447 456 0
447 465 0
447 474 0
456 465 0
456 474 0
465 474 0
403 412 0
403 421 0
403 430 0
403 439 0
403 448 0
403 457 0
403 466 0
403 475 0
412 421 0
412 430 0
412 439 0
412 448 0
412 457 0
412 466 0
412 475 0
421 430 0
421 439 0
421 448 0
421 457 0
421 466 0
421 475 0
430 439 0
430 448 0
430 457 0
430 466 0
430 475 0
439 448 0
439 457 0
439 466 0
439 475 0
448 457 0
448 466 0
448 475 0
457 466 0
457 475 0
466 475 0
404 413 0
404 422 0
404 431 0
404 440 0
404 449 0
404 458 0
404 467 0
404 476 0
413 422 0
413 431 0
413 440 0
413 449 0
413 458 0
413 467 0
413 476 0
422 431 0
422 440 0
422 449 0
422 458 0
422 467 0
422 476 0
431 440 0
431 449 0
431 458 0
431 467 0
431 476 0
440 449 0
440 458 0
440 467 0
440 476 0
449 458 0
449 467 0
449 476 0
458 467 0
458 476 0
467 476 0
477 486 0
477 495 0
477 504 0
477 513 0
477 522 0
477 531 0
477 540 0
477 549 0
486 495 0
486 504 0
486 513 0
486 522 0
486 531 0
486 540 0
486 549 0
495 504 0
495 513 0
495 522 0
495 531 0
495 540 0
495 549 0
504 513 0
504 522 0
504 531 0
504 540 0
504 549 0
513 522 0
513 531 0
513 540 0
513 549 0
522 531 0
522 540 0
522 549 0
531 540 0
531 549 0
540 549 0
478 487 0
478 496 0
478 505 0
478 514 0
478 523 0
478 532 0
478 541 0
478 550 0
487 496 0
487 505 0
487 514 0
487 523 0
487 532 0
487 541 0
487 550 0
496 505 0
496 514 0
496 523 0
496 532 0
496 541 0
496 550 0
505 514 0
505 523 0
505 532 0
505 541 0
505 550 0
514 523 0
514 532 0
514 541 0
514 550 0
523 532 0
523 541 0
523 550 0
532 541 0
532 550 0
541 550 0
479 488 0
479 497 0
479 506 0
479 515 0
479 524 0
479 533 0
479 542 0
479 551 0
488 497 0
488 506 0
488 515 0
488 524 0
488 533 0
488 542 0
488 551 0
497 506 0
497 515 0
497 524 0
497 533 0
497 542 0
497 551 0
506 515 0
506 524 0
506 533 0
506 542 0
506 551 0
515 524 0
515 533 0
515 542 0
515 551 0
524 533 0
524 542 0
524 551 0
533 542 0
533 551 0
542 551 0
480 489 0
480 498 0
480 507 0
480 516 0
480 525 0
480 534 0
480 543 0
480 552 0
489 498 0
489 507 0
489 516 0
489 525 0
489 534 0
489 543 0
489 552 0
498 507 0
498 516 0
498 525 0
498 534 0
498 543 0
498 552 0
507 516 0
507 525 0
507 534 0
507 543 0
507 552 0
516 525 0
516 534 0
516 543 0
516 552 0
525 534 0
525 543 0
525 552 0
534 543 0
534 552 0
543 552 0
481 490 0
481 499 0
481 508 0
481 517 0
481 526 0
481 535 0
481 544 0
481 553 0
490 499 0
490 508 0
490 517 0
490 526 0
490 535 0
490 544 0
490 553 0
499 508 0
499 517 0
499 526 0
499 535 0
499 544 0
499 553 0
508 517 0
508 526 0
508 535 0
508 544 0
508 553 0
517 526 0
517 535 0
517 544 0
517 553 0
526 535 0
526 544 0
526 553 0
535 544 0
535 553 0
544 553 0
482 491 0
482 500 0
482 509 0
482 518 0
482 527 0
482 536 0
482 545 0
482 554 0
491 500 0
491 509 0
491 518 0
491 527 0
491 536 0
491 545 0
491 554 0
500 509 0
500 518 0
500 527 0
500 536 0
500 545 0
500 554 0
509 518 0
509 527 0
509 536 0
509 545 0
509 554 0
518 527 0
518 536 0
518 545 0
518 554 0
527 536 0
527 545 0
527 554 0
536 545 0
536 554 0
545 554 0
483 492 0
483 501 0
483 510 0
483 519 0
483 528 0
483 537 0
483 546 0
483 555 0
492 501 0
492 510 0
492 519 0
492 528 0
492 537 0
492 546 0
492 555 0
501 510 0
501 519 0
501 528 0
501 537 0
501 546 0
501 555 0
510 519 0
510 528 0
510 537 0
510 546 0
510 555 0
519 528 0
519 537 0
519 546 0
519 555 0
528 537 0
528 546 0
528 555 0
537 546 0
537 555 0
546 555 0
484 493 0
484 502 0
484 511 0
484 520 0
484 529 0
484 538 0
484 547 0
484 556 0
493 502 0
493 511 0
493 520 0
493 529 0
493 538 0
493 547 0
493 556 0
502 511 0
502 520 0
502 529 0
502 538 0
502 547 0
502 556 0
511 520 0
511 529 0
511 538 0
511 547 0
511 556 0
520 529 0
520 538 0
520 547 0
520 556 0
529 538 0
529 547 0
529 556 0
538 547 0
538 556 0
547 556 0
485 494 0
485 503 0
485 512 0
485 521 0
485 530 0
485 539 0
485 548 0
485 557 0
494 503 0
494 512 0
494 521 0
494 530 0
494 539 0
494 548 0
494 557 0
503 512 0
503 521 0
503 530 0
503 539 0
503 548 0
503 557 0
512 521 0
512 530 0
512 539 0
512 548 0
512 557 0
521 530 0
521 539 0
521 548 0
521 557 0
530 539 0
530 548 0
530 557 0
539 548 0
539 557 0
548 557 0
558 567 0
558 576 0
558 585 0
558 594 0
558 603 0
558 612 0
558 621 0
558 630 0
567 576 0
567 585 0
567 594 0
567 603 0
567 612 0
567 621 0
567 630 0
576 585 0
576 594 0
576 603 0
576 612 0
576 621 0
576 630 0
585 594 0
585 603 0
585 612 0
585 621 0
585 630 0
594 603 0
594 612 0
594 621 0
594 630 0
603 612 0
603 621 0
603 630 0
612 621 0
612 630 0
621 630 0
559 568 0
559 577 0
559 586 0
559 595 0
559 604 0
559 613 0
559 622 0
559 631 0
568 577 0
568 586 0
568 595 0
568 604 0
568 613 0
568 622 0
568 631 0
577 586 0
577 595 0
577 604 0
577 613 0
577 622 0
577 631 0
586 595 0
586 604 0
586 613 0
586 622 0
586 631 0
595 604 0
595 613 0
595 622 0
595 631 0
604 613 0
604 622 0
604 631 0
613 622 0
613 631 0
622 631 0
560 569 0
560 578 0
560 587 0
560 596 0
560 605 0
560 614 0
560 623 0
560 632 0
569 578 0
569 587 0
569 596 0
569 605 0
569 614 0
569 623 0
569 632 0
578 587 0
578 596 0
578 605 0
578 614 0
578 623 0
578 632 0
587 596 0
587 605 0
587 614 0
587 623 0
587 632 0
596 605 0
596 614 0
596 623 0
596 632 0
605 614 0
605 623 0
605 632 0
614 623 0
614 632 0
623 632 0
561 570 0
561 579 0
561 588 0
561 597 0
561 606 0
561 615 0
561 624 0
561 633 0
570 579 0
570 588 0
570 597 0
570 606 0
570 615 0
570 624 0
570 633 0
579 588 0
579 597 0
579 606 0
579 615 0
579 624 0
579 633 0
588 597 0
588 606 0
588 615 0
588 624 0
588 633 0
597 606 0
597 615 0
597 624 0
597 633 0
606 615 0
606 624 0
606 633 0
615 624 0
615 633 0
624 633 0
562 571 0
562 580 0
562 589 0
562 598 0
562 607 0
562 616 0
562 625 0
562 634 0
571 580 0
571 589 0
571 598 0
571 607 0
571 616 0
571 625 0
571 634 0
580 589 0
580 598 0
580 607 0
580 616 0
580 625 0
580 634 0
589 598 0
589 607 0
589 616 0
589 625 0
589 634 0
598 607 0
598 616 0
598 625 0
598 634 0
607 616 0
607 625 0
607 634 0
616 625 0
616 634 0
625 634 0
563 572 0
563 581 0
563 590 0
563 599 0
563 608 0
563 617 0
563 626 0
563 635 0
572 581 0
572 590 0
572 599 0
572 608 0
572 617 0
572 626 0
572 635 0
581 590 0
581 599 0
581 608 0
581 617 0
581 626 0
581 635 0
590 599 0
590 608 0
590 617 0
590 626 0
590 635 0
599 608 0
599 617 0
599 626 0
599 635 0
608 617 0
608 626 0
608 635 0
617 626 0
617 635 0
626 635 0
564 573 0
564 582 0
564 591 0
564 600 0
564 609 0
564 618 0
564 627 0
564 636 0
573 582 0
573 591 0
573 600 0
573 609 0
573 618 0
573 627 0
573 636 0
582 591 0
582 600 0
582 609 0
582 618 0
582 627 0
582 636 0
591 600 0
591 609 0
591 618 0
591 627 0
591 636 0
600 609 0
600 618 0
600 627 0
600 636 0
609 618 0
609 627 0
609 636 0
618 627 0
618 636 0
627 636 0
565 574 0
565 583 0
565 592 0
565 601 0
565 610 0
565 619 0
565 628 0
565 637 0
574 583 0
574 592 0
574 601 0
574 610 0
574 619 0
574 628 0
574 637 0
583 592 0
583 601 0
583 610 0
583 619 0
583 628 0
583 637 0
592 601 0
592 610 0
592 619 0
592 628 0
592 637 0
601 610 0
601 619 0
601 628 0
601 637 0
610 619 0
610 628 0
610 637 0
619 628 0
619 637 0
628 637 0
566 575 0
566 584 0
566 593 0
566 602 0
566 611 0
566 620 0
566 629 0
566 638 0
575 584 0
575 593 0
575 602 0
575 611 0
575 620 0
575 629 0
575 638 0
584 593 0
584 602 0
584 611 0
584 620 0
584 629 0
584 638 0
593 602 0
593 611 0
593 620 0
593 629 0
593 638 0
602 611 0
602 620 0
602 629 0
602 638 0
611 620 0
611 629 0
611 638 0
620 629 0
620 638 0
629 638 0
-90 -9 0
-90 72 0
-90 153 0
-90 234 0
-90 315 0
-90 396 0
-90 477 0
-90 558 0
-9 72 0
-9 153 0
-9 234 0
-9 315 0
-9 396 0
-9 477 0
-9 558 0
72 153 0
72 234 0
72 315 0
72 396 0
72 477 0
72 558 0
153 234 0
153 315 0
153 396 0
153 477 0
153 558 0
234 315 0
234 396 0
234 477 0
234 558 0
315 396 0
315 477 0
315 558 0
396 477 0
396 558 0
477 558 0
-89 -8 0
-89 73 0
-89 154 0
-89 235 0
-89 316 0
-89 397 0
-89 478 0
-89 559 0
-8 73 0
-8 154 0
-8 235 0
-8 316 0
-8 397 0
-8 478 0
-8 559 0
73 154 0
73 235 0
73 316 0
73 397 0
73 478 0
73 559 0
154 235 0
154 316 0
154 397 0
154 478 0
154 559 0
235 316 0
235 397 0
235 478 0
235 559 0
316 397 0
316 478 0
316 559 0
397 478 0
397 559 0
478 559 0
-88 -7 0
-88 74 0
-88 155 0
-88 236 0
-88 317 0
-88 398 0
-88 479 0
-88 560 0
-7 74 0
-7 155 0
-7 236 0
-7 317 0
-7 398 0
-7 479 0
-7 560 0
74 155 0
74 236 0
74 317 0
74 398 0
74 479 0
74 560 0
155 236 0
155 317 0
155 398 0
155 479 0
155 560 0
236 317 0
236 398 0
236 479 0
236 560 0
317 398 0
317 479 0
317 560 0
398 479 0
398 560 0
479 560 0
-87 -6 0
-87 75 0
-87 156 0
-87 237 0
-87 318 0
-87 399 0
-87 480 0
-87 561 0
-6 75 0
-6 156 0
-6 237 0
-6 318 0
-6 399 0
-6 480 0
-6 561 0
75 156 0
75 237 0
75 318 0
75 399 0
75 480 0
75 561 0
156 237 0
156 318 0
156 399 0
156 480 0
156 561 0
237 318 0
237 399 0
237 480 0
237 561 0
318 399 0
318 480 0
318 561 0
399 480 0
399 561 0
480 561 0
-86 -5 0
-86 76 0
-86 157 0
-86 238 0
-86 319 0
-86 400 0
-86 481 0
-86 562 0
-5 76 0
-5 157 0
-5 238 0
-5 319 0
-5 400 0
-5 481 0
-5 562 0
76 157 0
76 238 0
76 319 0
76 400 0
76 481 0
76 562 0
157 238 0
157 319 0
157 400 0
157 481 0
157 562 0
238 319 0
238 400 0
238 481 0
238 562 0
319 400 0
319 481 0
319 562 0
400 481 0
400 562 0
481 562 0
-85 -4 0
-85 77 0
-85 158 0
-85 239 0
-85 320 0
-85 401 0
-85 482 0
-85 563 0
-4 77 0
-4 158 0
-4 239 0
-4 320 0
-4 401 0
-4 482 0
-4 563 0
77 158 0
77 239 0
77 320 0
77 401 0
77 482 0
77 563 0
158 239 0
158 320 0
158 401 0
158 482 0
158 563 0
239 320 0
239 401 0
239 482 0
239 563 0
320 401 0
320 482 0
320 563 0
401 482 0
401 563 0
482 563 0
-84 -3 0
-84 78 0
-84 159 0
-84 240 0
-84 321 0
-84 402 0
-84 483 0
-84 564 0
-3 78 0
-3 159 0
-3 240 0
-3 321 0
-3 402 0
-3 483 0
-3 564 0
78 159 0
78 240 0
78 321 0
78 402 0
78 483 0
78 564 0
159 240 0
159 321 0
159 402 0
159 483 0
159 564 0
240 321 0
240 402 0
240 483 0
240 564 0
321 402 0
321 483 0
321 564 0
402 483 0
402 564 0
483 564 0
-83 -2 0
-83 79 0
-83 160 0
-83 241 0
-83 322 0
-83 403 0
-83 484 0
-83 565 0
-2 79 0
-2 160 0
-2 241 0
-2 322 0
-2 403 0
-2 484 0
-2 565 0
79 160 0
79 241 0
79 322 0
79 403 0
79 484 0
79 565 0
160 241 0
160 322 0
160 403 0
160 484 0
160 565 0
241 322 0
241 403 0
241 484 0
241 565 0
322 403 0
322 484 0
322 565 0
403 484 0
403 565 0
484 565 0
-82 -1 0
-82 80 0
-82 161 0
-82 242 0
-82 323 0
-82 404 0
-82 485 0
-82 566 0
-1 80 0
-1 161 0
-1 242 0
-1 323 0
-1 404 0
-1 485 0
-1 566 0
80 161 0
80 242 0
80 323 0
80 404 0
80 485 0
80 566 0
161 242 0
161 323 0
161 404 0
161 485 0
161 566 0
242 323 0
242 404 0
242 485 0
242 566 0
323 404 0
323 485 0
323 566 0
404 485 0
404 566 0
485 566 0
-81 0 0
-81 81 0
-81 162 0
-81 243 0
-81 324 0
-81 405 0
-81 486 0
-81 567 0
0 81 0
0 162 0
0 243 0
0 324 0
0 405 0
0 486 0
0 567 0
81 162 0
81 243 0
81 324 0
81 405 0
81 486 0
81 567 0
162 243 0
162 324 0
162 405 0
162 486 0
162 567 0
243 324 0
243 405 0
243 486 0
243 567 0
324 405 0
324 486 0
324 567 0
405 486 0
405 567 0
486 567 0
-80 1 0
-80 82 0
-80 163 0
-80 244 0
-80 325 0
-80 406 0
-80 487 0
-80 568 0
1 82 0
1 163 0
1 244 0
1 325 0
1 406 0
1 487 0
1 568 0
82 163 0
82 244 0
82 325 0
82 406 0
82 487 0
82 568 0
163 244 0
163 325 0
163 406 0
163 487 0
163 568 0
244 325 0
244 406 0
244 487 0
244 568 0
325 406 0
325 487 0
325 568 0
406 487 0
406 568 0
487 568 0
-79 2 0
-79 83 0
-79 164 0
-79 245 0
-79 326 0
-79 407 0
-79 488 0
-79 569 0
2 83 0
2 164 0
2 245 0
2 326 0
2 407 0
2 488 0
2 569 0
83 164 0
83 245 0
83 326 0
83 407 0
83 488 0
83 569 0
164 245 0
164 326 0
164 407 0
164 488 0
164 569 0
245 326 0
245 407 0
245 488 0
245 569 0
326 407 0
326 488 0
326 569 0
407 488 0
407 569 0
488 569 0
-78 3 0
-78 84 0
-78 165 0
-78 246 0
-78 327 0
-78 408 0
-78 489 0
-78 570 0
3 84 0
3 165 0
3 246 0
3 327 0
3 408 0
3 489 0
3 570 0
84 165 0
84 246 0
84 327 0
84 408 0
84 489 0
84 570 0
165 246 0
165 327 0
165 408 0
165 489 0
165 570 0
246 327 0
246 408 0
246 489 0
246 570 0
327 408 0
327 489 0
327 570 0
408 489 0
408 570 0
489 570 0
-77 4 0
-77 85 0
-77 166 0
-77 247 0
-77 328 0
-77 409 0
-77 490 0
-77 571 0
4 85 0
4 166 0
4 247 0
4 328 0
4 409 0
4 490 0
4 571 0
85 166 0
85 247 0
85 328 0
85 409 0
85 490 0
85 571 0
166 247 0
166 328 0
166 409 0
166 490 0
166 571 0
247 328 0
247 409 0
247 490 0
247 571 0
328 409 0
328 490 0
328 571 0
409 490 0
409 571 0
490 571 0
-76 5 0
-76 86 0
-76 167 0
-76 248 0
-76 329 0
-76 410 0
-76 491 0
-76 572 0
5 86 0
5 167 0
5 248 0
5 329 0
5 410 0
5 491 0
5 572 0
86 167 0
86 248 0
86 329 0
86 410 0
86 491 0
86 572 0
167 248 0
167 329 0
167 410 0
167 491 0
167 572 0
248 329 0
248 410 0
248 491 0
248 572 0
329 410 0
329 491 0
329 572 0
410 491 0
410 572 0
491 572 0
-75 6 0
-75 87 0
-75 168 0
-75 249 0
-75 330 0
-75 411 0
-75 492 0
-75 573 0
6 87 0
6 168 0
6 249 0
6 330 0
6 411 0
6 492 0
6 573 0
87 168 0
87 249 0
87 330 0
87 411 0
87 492 0
87 573 0
168 249 0
168 330 0
168 411 0
168 492 0
168 573 0
249 330 0
249 411 0
249 492 0
249 573 0
330 411 0
330 492 0
330 573 0
411 492 0
411 573 0
492 573 0
-74 7 0
-74 88 0
-74 169 0
-74 250 0
-74 331 0
-74 412 0
-74 493 0
-74 574 0
7 88 0
7 169 0
7 250 0
7 331 0
7 412 0
7 493 0
7 574 0
88 169 0
88 250 0
88 331 0
88 412 0
88 493 0
88 574 0
169 250 0
169 331 0
169 412 0
169 493 0
169 574 0
250 331 0
250 412 0
250 493 0
250 574 0
331 412 0
331 493 0
331 574 0
412 493 0
412 574 0
493 574 0
-73 8 0
-73 89 0
-73 170 0
-73 251 0
-73 332 0
-73 413 0
-73 494 0
-73 575 0
8 89 0
8 170 0
8 251 0
8 332 0
8 413 0
8 494 0
8 575 0
89 170 0
89 251 0
89 332 0
89 413 0
89 494 0
89 575 0
170 251 0
170 332 0
170 413 0
170 494 0
170 575 0
251 332 0
251 413 0
251 494 0
251 575 0
332 413 0
332 494 0
332 575 0
413 494 0
413 575 0
494 575 0
-72 9 0
-72 90 0
-72 171 0
-72 252 0
-72 333 0
-72 414 0
-72 495 0
-72 576 0
9 90 0
9 171 0
9 252 0
9 333 0
9 414 0
9 495 0
9 576 0
90 171 0
90 252 0
90 333 0
90 414 0
90 495 0
90 576 0
171 252 0
171 333 0
171 414 0
171 495 0
171 576 0
252 333 0
252 414 0
252 495 0
252 576 0
333 414 0
333 495 0
333 576 0
414 495 0
414 576 0
495 576 0
-71 10 0
-71 91 0
-71 172 0
-71 253 0
-71 334 0
-71 415 0
-71 496 0
-71 577 0
10 91 0
10 172 0
10 253 0
10 334 0
10 415 0
10 496 0
10 577 0
91 172 0
91 253 0
91 334 0
91 415 0
91 496 0
91 577 0
172 253 0
172 334 0
172 415 0
172 496 0
172 577 0
253 334 0
253 415 0
253 496 0
253 577 0
334 415 0
334 496 0
334 577 0
415 496 0
415 577 0
496 577 0
-70 11 0
-70 92 0
-70 173 0
-70 254 0
-70 335 0
-70 416 0
-70 497 0
-70 578 0
11 92 0
11 173 0
11 254 0
11 335 0
11 416 0
11 497 0
11 578 0
92 173 0
92 254 0
92 335 0
92 416 0
92 497 0
92 578 0
173 254 0
173 335 0
173 416 0
173 497 0
173 578 0
254 335 0
254 416 0
254 497 0
254 578 0
335 416 0
335 497 0
335 578 0
416 497 0
416 578 0
497 578 0
-69 12 0
-69 93 0
-69 174 0
-69 255 0
-69 336 0
-69 417 0
-69 498 0
-69 579 0
12 93 0
12 174 0
12 255 0
12 336 0
12 417 0
12 498 0
12 579 0
93 174 0
93 255 0
93 336 0
93 417 0
93 498 0
93 579 0
174 255 0
174 336 0
174 417 0
174 498 0
174 579 0
255 336 0
255 417 0
255 498 0
255 579 0
336 417 0
336 498 0
336 579 0
417 498 0
417 579 0
498 579 0
-68 13 0
-68 94 0
-68 175 0
-68 256 0
-68 337 0
-68 418 0
-68 499 0
-68 580 0
13 94 0
13 175 0
13 256 0
13 337 0
13 418 0
13 499 0
13 580 0
94 175 0
94 256 0
94 337 0
94 418 0
94 499 0
94 580 0
175 256 0
175 337 0
175 418 0
175 499 0
175 580 0
256 337 0
256 418 0
256 499 0
256 580 0
337 418 0
337 499 0
337 580 0
418 499 0
418 580 0
499 580 0
-67 14 0
-67 95 0
-67 176 0
-67 257 0
-67 338 0
-67 419 0
-67 500 0
-67 581 0
14 95 0
14 176 0
14 257 0
14 338 0
14 419 0
14 500 0
14 581 0
95 176 0
95 257 0
95 338 0
95 419 0
95 500 0
95 581 0
176 257 0
176 338 0
176 419 0
176 500 0
176 581 0
257 338 0
257 419 0
257 500 0
257 581 0
338 419 0
338 500 0
338 581 0
419 500 0
419 581 0
500 581 0
-66 15 0
-66 96 0
-66 177 0
-66 258 0
-66 339 0
-66 420 0
-66 501 0
-66 582 0
15 96 0
15 177 0
15 258 0
15 339 0
15 420 0
15 501 0
15 582 0
96 177 0
96 258 0
96 339 0
96 420 0
96 501 0
96 582 0
177 258 0
177 339 0
177 420 0
177 501 0
177 582 0
258 339 0
258 420 0
258 501 0
258 582 0
339 420 0
339 501 0
339 582 0
420 501 0
420 582 0
501 582 0
-65 16 0
-65 97 0
-65 178 0
-65 259 0
-65 340 0
-65 421 0
-65 502 0
-65 583 0
16 97 0
16 178 0
16 259 0
16 340 0
16 421 0
16 502 0
16 583 0
97 178 0
97 259 0
97 340 0
97 421 0
97 502 0
97 583 0
178 259 0
178 340 0
178 421 0
178 502 0
178 583 0
259 340 0
259 421 0
259 502 0
259 583 0
340 421 0
340 502 0
340 583 0
421 502 0
421 583 0
502 583 0
-64 17 0
-64 98 0
-64 179 0
-64 260 0
-64 341 0
-64 422 0
-64 503 0
-64 584 0
17 98 0
17 179 0
17 260 0
17 341 0
17 422 0
17 503 0
17 584 0
98 179 0
98 260 0
98 341 0
98 422 0
98 503 0
98 584 0
179 260 0
179 341 0
179 422 0
179 503 0
179 584 0
260 341 0
260 422 0
260 503 0
260 584 0
341 422 0
341 503 0
341 584 0
422 503 0
422 584 0
503 584 0
-63 18 0
-63 99 0
-63 180 0
-63 261 0
-63 342 0
-63 423 0
-63 504 0
-63 585 0
18 99 0
18 180 0
18 261 0
18 342 0
18 423 0
18 504 0
18 585 0
99 180 0
99 261 0
99 342 0
99 423 0
99 504 0
99 585 0
180 261 0
180 342 0
180 423 0
180 504 0
180 585 0
261 342 0
261 423 0
261 504 0
261 585 0
342 423 0
342 504 0
342 585 0
423 504 0
423 585 0
504 585 0
-62 19 0
-62 100 0
-62 181 0
-62 262 0
-62 343 0
-62 424 0
-62 505 0
-62 586 0
19 100 0
19 181 0
19 262 0
19 343 0
19 424 0
19 505 0
19 586 0
100 181 0
100 262 0
100 343 0
100 424 0
100 505 0
100 586 0
181 262 0
181 343 0
181 424 0
181 505 0
181 586 0
262 343 0
262 424 0
262 505 0
262 586 0
343 424 0
343 505 0
343 586 0
424 505 0
424 586 0
505 586 0
-61 20 0
-61 101 0
-61 182 0
-61 263 0
-61 344 0
-61 425 0
-61 506 0
-61 587 0
20 101 0
20 182 0
20 263 0
20 344 0
20 425 0
20 506 0
20 587 0
101 182 0
101 263 0
101 344 0
101 425 0
101 506 0
101 587 0
182 263 0
182 344 0
182 425 0
182 506 0
182 587 0
263 344 0
263 425 0
263 506 0
263 587 0
344 425 0
344 506 0
344 587 0
425 506 0
425 587 0
506 587 0
-60 21 0
-60 102 0
-60 183 0
-60 264 0
-60 345 0
-60 426 0
-60 507 0
-60 588 0
21 102 0
21 183 0
21 264 0
21 345 0
21 426 0
21 507 0
21 588 0
102 183 0
102 264 0
102 345 0
102 426 0
102 507 0
102 588 0
183 264 0
183 345 0
183 426 0
183 507 0
183 588 0
264 345 0
264 426 0
264 507 0
264 588 0
345 426 0
345 507 0
345 588 0
426 507 0
426 588 0
507 588 0
-59 22 0
-59 103 0
-59 184 0
-59 265 0
-59 346 0
-59 427 0
-59 508 0
-59 589 0
22 103 0
22 184 0
22 265 0
22 346 0
22 427 0
22 508 0
22 589 0
103 184 0
103 265 0
103 346 0
103 427 0
103 508 0
103 589 0
184 265 0
184 346 0
184 427 0
184 508 0
184 589 0
265 346 0
265 427 0
265 508 0
265 589 0
346 427 0
346 508 0
346 589 0
427 508 0
427 589 0
508 589 0
-58 23 0
-58 104 0
-58 185 0
-58 266 0
-58 347 0
-58 428 0
-58 509 0
-58 590 0
23 104 0
23 185 0
23 266 0
23 347 0
23 428 0
23 509 0
23 590 0
104 185 0
104 266 0
104 347 0
104 428 0
104 509 0
104 590 0
185 266 0
185 347 0
185 428 0
185 509 0
185 590 0
266 347 0
266 428 0
266 509 0
266 590 0
347 428 0
347 509 0
347 590 0
428 509 0
428 590 0
509 590 0
-57 24 0
-57 105 0
-57 186 0
-57 267 0
-57 348 0
-57 429 0
-57 510 0
-57 591 0
24 105 0
24 186 0
24 267 0
24 348 0
24 429 0
24 510 0
24 591 0
105 186 0
105 267 0
105 348 0
105 429 0
105 510 0
105 591 0
186 267 0
186 348 0
186 429 0
186 510 0
186 591 0
267 348 0
267 429 0
267 510 0
267 591 0
348 429 0
348 510 0
348 591 0
429 510 0
429 591 0
510 591 0
-56 25 0
-56 106 0
-56 187 0
-56 268 0
-56 349 0
-56 430 0
-56 511 0
-56 592 0
25 106 0
25 187 0
25 268 0
25 349 0
25 430 0
25 511 0
25 592 0
106 187 0
106 268 0
106 349 0
106 430 0
106 511 0
106 592 0
187 268 0
187 349 0
187 430 0
187 511 0
187 592 0
268 349 0
268 430 0
268 511 0
268 592 0
349 430 0
349 511 0
349 592 0
430 511 0
430 592 0
511 592 0
-55 26 0
-55 107 0
-55 188 0
-55 269 0
-55 350 0
-55 431 0
-55 512 0
-55 593 0
26 107 0
26 188 0
26 269 0
26 350 0
26 431 0
26 512 0
26 593 0
107 188 0
107 269 0
107 350 0
107 431 0
107 512 0
107 593 0
188 269 0
188 350 0
188 431 0
188 512 0
188 593 0
269 350 0
269 431 0
269 512 0
269 593 0
350 431 0
350 512 0
350 593 0
431 512 0
431 593 0
512 593 0
-54 27 0
-54 108 0
-54 189 0
-54 270 0
-54 351 0
-54 432 0
-54 513 0
-54 594 0
27 108 0
27 189 0
27 270 0
27 351 0
27 432 0
27 513 0
27 594 0
108 189 0
108 270 0
108 351 0
108 432 0
108 513 0
108 594 0
189 270 0
189 351 0
189 432 0
189 513 0
189 594 0
270 351 0
270 432 0
270 513 0
270 594 0
351 432 0
351 513 0
351 594 0
432 513 0
432 594 0
513 594 0
-53 28 0
-53 109 0
-53 190 0
-53 271 0
-53 352 0
-53 433 0
-53 514 0
-53 595 0
28 109 0
28 190 0
28 271 0
28 352 0
28 433 0
28 514 0
28 595 0
109 190 0
109 271 0
109 352 0
109 433 0
109 514 0
109 595 0
190 271 0
190 352 0
190 433 0
190 514 0
190 595 0
271 352 0
271 433 0
271 514 0
271 595 0
352 433 0
352 514 0
352 595 0
433 514 0
433 595 0
514 595 0
-52 29 0
-52 110 0
-52 191 0
-52 272 0
-52 353 0
-52 434 0
-52 515 0
-52 596 0
29 110 0
29 191 0
29 272 0
29 353 0
29 434 0
29 515 0
29 596 0
110 191 0
110 272 0
110 353 0
110 434 0
110 515 0
110 596 0
191 272 0
191 353 0
191 434 0
191 515 0
191 596 0
272 353 0
272 434 0
272 515 0
272 596 0
353 434 0
353 515 0
353 596 0
434 515 0
434 596 0
515 596 0
-51 30 0
-51 111 0
-51 192 0
-51 273 0
-51 354 0
-51 435 0
-51 516 0
-51 597 0
30 111 0
30 192 0
30 273 0
30 354 0
30 435 0
30 516 0
30 597 0
111 192 0
111 273 0
111 354 0
111 435 0
111 516 0
111 597 0
192 273 0
192 354 0
192 435 0
192 516 0
192 597 0
273 354 0
273 435 0
273 516 0
273 597 0
354 435 0
354 516 0
354 597 0
435 516 0
435 597 0
516 597 0
-50 31 0
-50 112 0
-50 193 0
-50 274 0
-50 355 0
-50 436 0
-50 517 0
-50 598 0
31 112 0
31 193 0
31 274 0
31 355 0
31 436 0
31 517 0
31 598 0
112 193 0
112 274 0
112 355 0
112 436 0
112 517 0
112 598 0
193 274 0
193 355 0
193 436 0
193 517 0
193 598 0
274 355 0
274 436 0
274 517 0
274 598 0
355 436 0
355 517 0
355 598 0
436 517 0
436 598 0
517 598 0
-49 32 0
-49 113 0
-49 194 0
-49 275 0
-49 356 0
-49 437 0
-49 518 0
-49 599 0
32 113 0
32 194 0
32 275 0
32 356 0
32 437 0
32 518 0
32 599 0
113 194 0
113 275 0
113 356 0
113 437 0
113 518 0
113 599 0
194 275 0
194 356 0
194 437 0
194 518 0
194 599 0
275 356 0
275 437 0
275 518 0
275 599 0
356 437 0
356 518 0
356 599 0
437 518 0
437 599 0
518 599 0
-48 33 0
-48 114 0
-48 195 0
-48 276 0
-48 357 0
-48 438 0
-48 519 0
-48 600 0
33 114 0
33 195 0
33 276 0
33 357 0
33 438 0
33 519 0
33 600 0
114 195 0
114 276 0
114 357 0
114 438 0
114 519 0
114 600 0
195 276 0
195 357 0
195 438 0
195 519 0
195 600 0
276 357 0
276 438 0
276 519 0
276 600 0
357 438 0
357 519 0
357 600 0
438 519 0
438 600 0
519 600 0
-47 34 0
-47 115 0
-47 196 0
-47 277 0
-47 358 0
-47 439 0
-47 520 0
-47 601 0
34 115 0
34 196 0
34 277 0
34 358 0
34 439 0
34 520 0
34 601 0
115 196 0
115 277 0
115 358 0
115 439 0
115 520 0
115 601 0
196 277 0
196 358 0
196 439 0
196 520 0
196 601 0
277 358 0
277 439 0
277 520 0
277 601 0
358 439 0
358 520 0
358 601 0
439 520 0
439 601 0
520 601 0
-46 35 0
-46 116 0
-46 197 0
-46 278 0
-46 359 0
-46 440 0
-46 521 0
-46 602 0
35 116 0
35 197 0
35 278 0
35 359 0
35 440 0
35 521 0
35 602 0
116 197 0
116 278 0
116 359 0
116 440 0
116 521 0
116 602 0
197 278 0
197 359 0
197 440 0
197 521 0
197 602 0
278 359 0
278 440 0
278 521 0
278 602 0
359 440 0
359 521 0
359 602 0
440 521 0
440 602 0
521 602 0
-45 36 0
-45 117 0
-45 198 0
-45 279 0
-45 360 0
-45 441 0
-45 522 0
-45 603 0
36 117 0
36 198 0
36 279 0
36 360 0
36 441 0
36 522 0
36 603 0
117 198 0
117 279 0
117 360 0
117 441 0
117 522 0
117 603 0
198 279 0
198 360 0
198 441 0
198 522 0
198 603 0
279 360 0
279 441 0
279 522 0
279 603 0
360 441 0
360 522 0
360 603 0
441 522 0
441 603 0
522 603 0
-44 37 0
-44 118 0
-44 199 0
-44 280 0
-44 361 0
-44 442 0
-44 523 0
-44 604 0
37 118 0
37 199 0
37 280 0
37 361 0
37 442 0
37 523 0
37 604 0
118 199 0
118 280 0
118 361 0
118 442 0
118 523 0
118 604 0
199 280 0
199 361 0
199 442 0
199 523 0
199 604 0
280 361 0
280 442 0
280 523 0
280 604 0
361 442 0
361 523 0
361 604 0
442 523 0
442 604 0
523 604 0
-43 38 0
-43 119 0
-43 200 0
-43 281 0
-43 362 0
-43 443 0
-43 524 0
-43 605 0
38 119 0
38 200 0
38 281 0
38 362 0
38 443 0
38 524 0
38 605 0
119 200 0
119 281 0
119 362 0
119 443 0
119 524 0
119 605 0
200 281 0
200 362 0
200 443 0
200 524 0
200 605 0
281 362 0
281 443 0
281 524 0
281 605 0
362 443 0
362 524 0
362 605 0
443 524 0
443 605 0
524 605 0
-42 39 0
-42 120 0
-42 201 0
-42 282 0
-42 363 0
-42 444 0
-42 525 0
-42 606 0
39 120 0
39 201 0
39 282 0
39 363 0
39 444 0
39 525 0
39 606 0
120 201 0
120 282 0
120 363 0
120 444 0
120 525 0
120 606 0
201 282 0
201 363 0
201 444 0
201 525 0
201 606 0
282 363 0
282 444 0
282 525 0
282 606 0
363 444 0
363 525 0
363 606 0
444 525 0
444 606 0
525 606 0
-41 40 0
-41 121 0
-41 202 0
-41 283 0
-41 364 0
-41 445 0
-41 526 0
-41 607 0
40 121 0
40 202 0
40 283 0
40 364 0
40 445 0
40 526 0
40 607 0
121 202 0
121 283 0
121 364 0
121 445 0
121 526 0
121 607 0
202 283 0
202 364 0
202 445 0
202 526 0
202 607 0
283 364 0
283 445 0
283 526 0
283 607 0
364 445 0
364 526 0
364 607 0
445 526 0
445 607 0
526 607 0
-40 41 0
-40 122 0
-40 203 0
-40 284 0
-40 365 0
-40 446 0
-40 527 0
-40 608 0
41 122 0
41 203 0
41 284 0
41 365 0
41 446 0
41 527 0
41 608 0
122 203 0
122 284 0
122 365 0
122 446 0
122 527 0
122 608 0
203 284 0
203 365 0
203 446 0
203 527 0
203 608 0
284 365 0
284 446 0
284 527 0
284 608 0
365 446 0
365 527 0
365 608 0
446 527 0
446 608 0
527 608 0
-39 42 0
-39 123 0
-39 204 0
-39 285 0
-39 366 0
-39 447 0
-39 528 0
-39 609 0
42 123 0
42 204 0
42 285 0
42 366 0
42 447 0
42 528 0
42 609 0
123 204 0
123 285 0
123 366 0
123 447 0
123 528 0
123 609 0
204 285 0
204 366 0
204 447 0
204 528 0
204 609 0
285 366 0
285 447 0
285 528 0
285 609 0
366 447 0
366 528 0
366 609 0
447 528 0
447 609 0
528 609 0
-38 43 0
-38 124 0
-38 205 0
-38 286 0
-38 367 0
-38 448 0
-38 529 0
-38 610 0
43 124 0
43 205 0
43 286 0
43 367 0
43 448 0
43 529 0
43 610 0
124 205 0
124 286 0
124 367 0
124 448 0
124 529 0
124 610 0
205 286 0
205 367 0
205 448 0
205 529 0
205 610 0
286 367 0
286 448 0
286 529 0
286 610 0
367 448 0
367 529 0
367 610 0
448 529 0
448 610 0
529 610 0
-37 44 0
-37 125 0
-37 206 0
-37 287 0
-37 368 0
-37 449 0
-37 530 0
-37 611 0
44 125 0
44 206 0
44 287 0
44 368 0
44 449 0
44 530 0
44 611 0
125 206 0
125 287 0
125 368 0
125 449 0
125 530 0
125 611 0
206 287 0
206 368 0
206 449 0
206 530 0
206 611 0
287 368 0
287 449 0
287 530 0
287 611 0
368 449 0
368 530 0
368 611 0
449 530 0
449 611 0
530 611 0
-36 45 0
-36 126 0
-36 207 0
-36 288 0
-36 369 0
-36 450 0
-36 531 0
-36 612 0
45 126 0
45 207 0
45 288 0
45 369 0
45 450 0
45 531 0
45 612 0
126 207 0
126 288 0
126 369 0
126 450 0
126 531 0
126 612 0
207 288 0
207 369 0
207 450 0
207 531 0
207 612 0
288 369 0
288 450 0
288 531 0
288 612 0
369 450 0
369 531 0
369 612 0
450 531 0
450 612 0
531 612 0
-35 46 0
-35 127 0
-35 208 0
-35 289 0
-35 370 0
-35 451 0
-35 532 0
-35 613 0
46 127 0
46 208 0
46 289 0
46 370 0
46 451 0
46 532 0
46 613 0
127 208 0
127 289 0
127 370 0
127 451 0
127 532 0
127 613 0
208 289 0
208 370 0
208 451 0
208 532 0
208 613 0
289 370 0
289 451 0
289 532 0
289 613 0
370 451 0
370 532 0
370 613 0
451 532 0
451 613 0
532 613 0
-34 47 0
-34 128 0
-34 209 0
-34 290 0
-34 371 0
-34 452 0
-34 533 0
-34 614 0
47 128 0
47 209 0
47 290 0
47 371 0
47 452 0
47 533 0
47 614 0
128 209 0
128 290 0
128 371 0
128 452 0
128 533 0
128 614 0
209 290 0
209 371 0
209 452 0
209 533 0
209 614 0
290 371 0
290 452 0
290 533 0
290 614 0
371 452 0
371 533 0
371 614 0
452 533 0
452 614 0
533 614 0
-33 48 0
-33 129 0
-33 210 0
-33 291 0
-33 372 0
-33 453 0
-33 534 0
-33 615 0
48 129 0
48 210 0
48 291 0
48 372 0
48 453 0
48 534 0
48 615 0
129 210 0
129 291 0
129 372 0
129 453 0
129 534 0
129 615 0
210 291 0
210 372 0
210 453 0
210 534 0
210 615 0
291 372 0
291 453 0
291 534 0
291 615 0
372 453 0
372 534 0
372 615 0
453 534 0
453 615 0
534 615 0
-32 49 0
-32 130 0
-32 211 0
-32 292 0
-32 373 0
-32 454 0
-32 535 0
-32 616 0
49 130 0
49 211 0
49 292 0
49 373 0
49 454 0
49 535 0
49 616 0
130 211 0
130 292 0
130 373 0
130 454 0
130 535 0
130 616 0
211 292 0
211 373 0
211 454 0
211 535 0
211 616 0
292 373 0
292 454 0
292 535 0
292 616 0
373 454 0
373 535 0
373 616 0
454 535 0
454 616 0
535 616 0
-31 50 0
-31 131 0
-31 212 0
-31 293 0
-31 374 0
-31 455 0
-31 536 0
-31 617 0
50 131 0
50 212 0
50 293 0
50 374 0
50 455 0
50 536 0
50 617 0
131 212 0
131 293 0
131 374 0
131 455 0
131 536 0
131 617 0
212 293 0
212 374 0
212 455 0
212 536 0
212 617 0
293 374 0
293 455 0
293 536 0
293 617 0
374 455 0
374 536 0
374 617 0
455 536 0
455 617 0
536 617 0
-30 51 0
-30 132 0
-30 213 0
-30 294 0
-30 375 0
-30 456 0
-30 537 0
-30 618 0
51 132 0
51 213 0
51 294 0
51 375 0
51 456 0
51 537 0
51 618 0
132 213 0
132 294 0
132 375 0
132 456 0
132 537 0
132 618 0
213 294 0
213 375 0
213 456 0
213 537 0
213 618 0
294 375 0
294 456 0
294 537 0
294 618 0
375 456 0
375 537 0
375 618 0
456 537 0
456 618 0
537 618 0
-29 52 0
-29 133 0
-29 214 0
-29 295 0
-29 376 0
-29 457 0
-29 538 0
-29 619 0
52 133 0
52 214 0
52 295 0
52 376 0
52 457 0
52 538 0
52 619 0
133 214 0
133 295 0
133 376 0
133 457 0
133 538 0
133 619 0
214 295 0
214 376 0
214 457 0
214 538 0
214 619 0
295 376 0
295 457 0
295 538 0
295 619 0
376 457 0
376 538 0
376 619 0
457 538 0
457 619 0
538 619 0
-28 53 0
-28 134 0
-28 215 0
-28 296 0
-28 377 0
-28 458 0
-28 539 0
-28 620 0
53 134 0
53 215 0
53 296 0
53 377 0
53 458 0
53 539 0
53 620 0
134 215 0
134 296 0
134 377 0
134 458 0
134 539 0
134 620 0
215 296 0
215 377 0
215 458 0
215 539 0
215 620 0
296 377 0
296 458 0
296 539 0
296 620 0
377 458 0
377 539 0
377 620 0
458 539 0
458 620 0
539 620 0
-27 54 0
-27 135 0
-27 216 0
-27 297 0
-27 378 0
-27 459 0
-27 540 0
-27 621 0
54 135 0
54 216 0
54 297 0
54 378 0
54 459 0
54 540 0
54 621 0
135 216 0
135 297 0
135 378 0
135 459 0
135 540 0
135 621 0
216 297 0
216 378 0
216 459 0
216 540 0
216 621 0
297 378 0
297 459 0
297 540 0
297 621 0
378 459 0
378 540 0
378 621 0
459 540 0
459 621 0
540 621 0
-26 55 0
-26 136 0
-26 217 0
-26 298 0
-26 379 0
-26 460 0
-26 541 0
-26 622 0
55 136 0
55 217 0
55 298 0
55 379 0
55 460 0
55 541 0
55 622 0
136 217 0
136 298 0
136 379 0
136 460 0
136 541 0
136 622 0
217 298 0
217 379 0
217 460 0
217 541 0
217 622 0
298 379 0
298 460 0
298 541 0
298 622 0
379 460 0
379 541 0
379 622 0
460 541 0
460 622 0
541 622 0
-25 56 0
-25 137 0
-25 218 0
-25 299 0
-25 380 0
-25 461 0
-25 542 0
-25 623 0
56 137 0
56 218 0
56 299 0
56 380 0
56 461 0
56 542 0
56 623 0
137 218 0
137 299 0
137 380 0
137 461 0
137 542 0
137 623 0
218 299 0
218 380 0
218 461 0
218 542 0
218 623 0
299 380 0
299 461 0
299 542 0
299 623 0
380 461 0
380 542 0
380 623 0
461 542 0
461 623 0
542 623 0
-24 57 0
-24 138 0
-24 219 0
-24 300 0
-24 381 0
-24 462 0
-24 543 0
-24 624 0
57 138 0
57 219 0
57 300 0
57 381 0
57 462 0
57 543 0
57 624 0
138 219 0
138 300 0
138 381 0
138 462 0
138 543 0
138 624 0
219 300 0
219 381 0
219 462 0
219 543 0
219 624 0
300 381 0
300 462 0
300 543 0
300 624 0
381 462 0
381 543 0
381 624 0
462 543 0
462 624 0
543 624 0
-23 58 0
-23 139 0
-23 220 0
-23 301 0
-23 382 0
-23 463 0
-23 544 0
-23 625 0
58 139 0
58 220 0
58 301 0
58 382 0
58 463 0
58 544 0
58 625 0
139 220 0
139 301 0
139 382 0
139 463 0
139 544 0
139 625 0
220 301 0
220 382 0
220 463 0
220 544 0
220 625 0
301 382 0
301 463 0
301 544 0
301 625 0
382 463 0
382 544 0
382 625 0
463 544 0
463 625 0
544 625 0
-22 59 0
-22 140 0
-22 221 0
-22 302 0
-22 383 0
-22 464 0
-22 545 0
-22 626 0
59 140 0
59 221 0
59 302 0
59 383 0
59 464 0
59 545 0
59 626 0
140 221 0
140 302 0
140 383 0
140 464 0
140 545 0
140 626 0
221 302 0
221 383 0
221 464 0
221 545 0
221 626 0
302 383 0
302 464 0
302 545 0
302 626 0
383 464 0
383 545 0
383 626 0
464 545 0
464 626 0
545 626 0
-21 60 0
-21 141 0
-21 222 0
-21 303 0
-21 384 0
-21 465 0
-21 546 0
-21 627 0
60 141 0
60 222 0
60 303 0
60 384 0
60 465 0
60 546 0
60 627 0
141 222 0
141 303 0
141 384 0
141 465 0
141 546 0
141 627 0
222 303 0
222 384 0
222 465 0
222 546 0
222 627 0
303 384 0
303 465 0
303 546 0
303 627 0
384 465 0
384 546 0
384 627 0
465 546 0
465 627 0
546 627 0
-20 61 0
-20 142 0
-20 223 0
-20 304 0
-20 385 0
-20 466 0
-20 547 0
-20 628 0
61 142 0
61 223 0
61 304 0
61 385 0
61 466 0
61 547 0
61 628 0
142 223 0
142 304 0
142 385 0
142 466 0
142 547 0
142 628 0
223 304 0
223 385 0
223 466 0
223 547 0
223 628 0
304 385 0
304 466 0
304 547 0
304 628 0
385 466 0
385 547 0
385 628 0
466 547 0
466 628 0
547 628 0
-19 62 0
-19 143 0
-19 224 0
-19 305 0
-19 386 0
-19 467 0
-19 548 0
-19 629 0
62 143 0
62 224 0
62 305 0
62 386 0
62 467 0
62 548 0
62 629 0
143 224 0
143 305 0
143 386 0
143 467 0
143 548 0
143 629 0
224 305 0
224 386 0
224 467 0
224 548 0
224 629 0
305 386 0
305 467 0
305 548 0
305 629 0
386 467 0
386 548 0
386 629 0
467 548 0
467 629 0
548 629 0
-18 63 0
-18 144 0
-18 225 0
-18 306 0
-18 387 0
-18 468 0
-18 549 0
-18 630 0
63 144 0
63 225 0
63 306 0
63 387 0
63 468 0
63 549 0
63 630 0
144 225 0
144 306 0
144 387 0
144 468 0
144 549 0
144 630 0
225 306 0
225 387 0
225 468 0
225 549 0
225 630 0
306 387 0
306 468 0
306 549 0
306 630 0
387 468 0
387 549 0
387 630 0
468 549 0
468 630 0
549 630 0
-17 64 0
-17 145 0
-17 226 0
-17 307 0
-17 388 0
-17 469 0
-17 550 0
-17 631 0
64 145 0
64 226 0
64 307 0
64 388 0
64 469 0
64 550 0
64 631 0
145 226 0
145 307 0
145 388 0
145 469 0
145 550 0
145 631 0
226 307 0
226 388 0
226 469 0
226 550 0
226 631 0
307 388 0
307 469 0
307 550 0
307 631 0
388 469 0
388 550 0
388 631 0
469 550 0
469 631 0
550 631 0
-16 65 0
-16 146 0
-16 227 0
-16 308 0
-16 389 0
-16 470 0
-16 551 0
-16 632 0
65 146 0
65 227 0
65 308 0
65 389 0
65 470 0
65 551 0
65 632 0
146 227 0
146 308 0
146 389 0
146 470 0
146 551 0
146 632 0
227 308 0
227 389 0
227 470 0
227 551 0
227 632 0
308 389 0
308 470 0
308 551 0
308 632 0
389 470 0
389 551 0
389 632 0
470 551 0
470 632 0
551 632 0
-15 66 0
-15 147 0
-15 228 0
-15 309 0
-15 390 0
-15 471 0
-15 552 0
-15 633 0
66 147 0
66 228 0
66 309 0
66 390 0
66 471 0
66 552 0
66 633 0
147 228 0
147 309 0
147 390 0
147 471 0
147 552 0
147 633 0
228 309 0
228 390 0
228 471 0
228 552 0
228 633 0
309 390 0
309 471 0
309 552 0
309 633 0
390 471 0
390 552 0
390 633 0
471 552 0
471 633 0
552 633 0
-14 67 0
-14 148 0
-14 229 0
-14 310 0
-14 391 0
-14 472 0
-14 553 0
-14 634 0
67 148 0
67 229 0
67 310 0
67 391 0
67 472 0
67 553 0
67 634 0
148 229 0
148 310 0
148 391 0
148 472 0
148 553 0
148 634 0
229 310 0
229 391 0
229 472 0
229 553 0
229 634 0
310 391 0
310 472 0
310 553 0
310 634 0
391 472 0
391 553 0
391 634 0
472 553 0
472 634 0
553 634 0
-13 68 0
-13 149 0
-13 230 0
-13 311 0
-13 392 0
-13 473 0
-13 554 0
-13 635 0
68 149 0
68 230 0
68 311 0
68 392 0
68 473 0
68 554 0
68 635 0
149 230 0
149 311 0
149 392 0
149 473 0
149 554 0
149 635 0
230 311 0
230 392 0
230 473 0
230 554 0
230 635 0
311 392 0
311 473 0
311 554 0
311 635 0
392 473 0
392 554 0
392 635 0
473 554 0
473 635 0
554 635 0
-12 69 0
-12 150 0
-12 231 0
-12 312 0
-12 393 0
-12 474 0
-12 555 0
-12 636 0
69 150 0
69 231 0
69 312 0
69 393 0
69 474 0
69 555 0
69 636 0
150 231 0
150 312 0
150 393 0
150 474 0
150 555 0
150 636 0
231 312 0
231 393 0
231 474 0
231 555 0
231 636 0
312 393 0
312 474 0
312 555 0
312 636 0
393 474 0
393 555 0
393 636 0
474 555 0
474 636 0
555 636 0
-11 70 0
-11 151 0
-11 232 0
-11 313 0
-11 394 0
-11 475 0
-11 556 0
-11 637 0
70 151 0
70 232 0
70 313 0
70 394 0
70 475 0
70 556 0
70 637 0
151 232 0
151 313 0
151 394 0
151 475 0
151 556 0
151 637 0
232 313 0
232 394 0
232 475 0
232 556 0
232 637 0
313 394 0
313 475 0
313 556 0
313 637 0
394 475 0
394 556 0
394 637 0
475 556 0
475 637 0
556 637 0
-10 71 0
-10 152 0
-10 233 0
-10 314 0
-10 395 0
-10 476 0
-10 557 0
-10 638 0
71 152 0
71 233 0
71 314 0
71 395 0
71 476 0
71 557 0
71 638 0
152 233 0
152 314 0
152 395 0
152 476 0
152 557 0
152 638 0
233 314 0
233 395 0
233 476 0
233 557 0
233 638 0
314 395 0
314 476 0
314 557 0
314 638 0
395 476 0
395 557 0
395 638 0
476 557 0
476 638 0
557 638 0
-1 -10 0
-1 -19 0
-1 -82 0
-1 -91 0
-1 -100 0
-1 -163 0
-1 -172 0
-1 -181 0
-10 -19 0
-10 -82 0
-10 -91 0
-10 -100 0
-10 -163 0
-10 -172 0
-10 -181 0
-82 -91 0
-82 -100 0
-82 -163 0
-82 -172 0
-82 -181 0
-91 -100 0
-91 -163 0
-91 -172 0
-91 -181 0
-2 -11 0
-2 -20 0
-2 -83 0
-2 -92 0
-2 -101 0
-2 -164 0
-2 -173 0
-2 -182 0
-11 -20 0
-11 -83 0
-11 -92 0
-11 -101 0
-11 -164 0
-11 -173 0
-11 -182 0
-83 -92 0
-83 -101 0
-83 -164 0
-83 -173 0
-83 -182 0
-92 -101 0
-92 -164 0
-92 -173 0
-92 -182 0
-3 -12 0
-3 -21 0
-3 -84 0
-3 -93 0
-3 -102 0
-3 -165 0
-3 -174 0
-3 -183 0
-12 -21 0
-12 -84 0
-12 -93 0
-12 -102 0
-12 -165 0
-12 -174 0
-12 -183 0
-84 -93 0
-84 -102 0
-84 -165 0
-84 -174 0
-84 -183 0
-93 -102 0
-93 -165 0
-93 -174 0
-93 -183 0
-4 -13 0
-4 -22 0
-4 -85 0
-4 -94 0
-4 -103 0
-4 -166 0
-4 -175 0
-4 -184 0
-13 -22 0
-13 -85 0
-13 -94 0
-13 -103 0
-13 -166 0
-13 -175 0
-13 -184 0
-85 -94 0
-85 -103 0
-85 -166 0
-85 -175 0
-85 -184 0
-94 -103 0
-94 -166 0
-94 -175 0
-94 -184 0
-5 -14 0
-5 -23 0
-5 -86 0
-5 -95 0
-5 -104 0
-5 -167 0
-5 -176 0
-5 -185 0
-14 -23 0
-14 -86 0
-14 -95 0
-14 -104 0
-14 -167 0
-14 -176 0
-14 -185 0
-86 -95 0
-86 -104 0
-86 -167 0
-86 -176 0
-86 -185 0
-95 -104 0
-95 -167 0
-95 -176 0
-95 -185 0
-6 -15 0
-6 -24 0
-6 -87 0
-6 -96 0
-6 -105 0
-6 -168 0
-6 -177 0
-6 -186 0
-15 -24 0
-15 -87 0
-15 -96 0
-15 -105 0
-15 -168 0
-15 -177 0
-15 -186 0
-87 -96 0
-87 -105 0
-87 -168 0
-87 -177 0
-87 -186 0
-96 -105 0
-96 -168 0
-96 -177 0
-96 -186 0
-7 -16 0
-7 -25 0
-7 -88 0
-7 -97 0
-7 -106 0
-7 -169 0
-7 -178 0
-7 -187 0
-16 -25 0
-16 -88 0
-16 -97 0
-16 -106 0
-16 -169 0
-16 -178 0
-16 -187 0
-88 -97 0
-88 -106 0
-88 -169 0
-88 -178 0
-88 -187 0
-97 -106 0
-97 -169 0
-97 -178 0
-97 -187 0
-8 -17 0
-8 -26 0
-8 -89 0
-8 -98 0
-8 -107 0
-8 -170 0
-8 -179 0
-8 -188 0
-17 -26 0
-17 -89 0
-17 -98 0
-17 -107 0
-17 -170 0
-17 -179 0
-17 -188 0
-89 -98 0
-89 -107 0
-89 -170 0
-89 -179 0
-89 -188 0
-98 -107 0
-98 -170 0
-98 -179 0
-98 -188 0
-9 -18 0
-9 -27 0
-9 -90 0
-9 -99 0
-9 -108 0
-9 -171 0
-9 -180 0
-9 -189 0
-18 -27 0
-18 -90 0
-18 -99 0
-18 -108 0
-18 -171 0
-18 -180 0
-18 -189 0
-90 -99 0
-90 -108 0
-90 -171 0
-90 -180 0
-90 -189 0
-99 -108 0
-99 -171 0
-99 -180 0
-99 -189 0
-28 -10 0
-28 -19 0
-28 -109 0
-28 -118 0
-28 -127 0
-28 -190 0
-28 -199 0
-28 -208 0
-37 -19 0
-37 -109 0
-37 -118 0
-37 -127 0
-37 -190 0
-37 -199 0
-37 -208 0
-109 -91 0
-109 -100 0
-109 -190 0
-109 -199 0
-109 -208 0
-118 -100 0
-118 -190 0
-118 -199 0
-118 -208 0
-29 -11 0
-29 -20 0
-29 -110 0
-29 -119 0
-29 -128 0
-29 -191 0
-29 -200 0
-29 -209 0
-38 -20 0
-38 -110 0
-38 -119 0
-38 -128 0
-38 -191 0
-38 -200 0
-38 -209 0
-110 -92 0
-110 -101 0
-110 -191 0
-110 -200 0
-110 -209 0
-119 -101 0
-119 -191 0
-119 -200 0
-119 -209 0
-30 -12 0
-30 -21 0
-30 -111 0
-30 -120 0
-30 -129 0
-30 -192 0
-30 -201 0
-30 -210 0
-39 -21 0
-39 -111 0
-39 -120 0
-39 -129 0
-39 -192 0
-39 -201 0
-39 -210 0
-111 -93 0
-111 -102 0
-111 -192 0
-111 -201 0
-111 -210 0
-120 -102 0
-120 -192 0
-120 -201 0
-120 -210 0
-31 -13 0
-31 -22 0
-31 -112 0
-31 -121 0
-31 -130 0
-31 -193 0
-31 -202 0
-31 -211 0
-40 -22 0
-40 -112 0
-40 -121 0
-40 -130 0
-40 -193 0
-40 -202 0
-40 -211 0
-112 -94 0
-112 -103 0
-112 -193 0
-112 -202 0
-112 -211 0
-121 -103 0
-121 -193 0
-121 -202 0
-121 -211 0
-32 -14 0
-32 -23 0
-32 -113 0
-32 -122 0
-32 -131 0
-32 -194 0
-32 -203 0
-32 -212 0
-41 -23 0
-41 -113 0
-41 -122 0
-41 -131 0
-41 -194 0
-41 -203 0
-41 -212 0
-113 -95 0
-113 -104 0
-113 -194 0
-113 -203 0
-113 -212 0
-122 -104 0
-122 -194 0
-122 -203 0
-122 -212 0
-33 -15 0
-33 -24 0
-33 -114 0
-33 -123 0
-33 -132 0
-33 -195 0
-33 -204 0
-33 -213 0
-42 -24 0
-42 -114 0
-42 -123 0
-42 -132 0
-42 -195 0
-42 -204 0
-42 -213 0
-114 -96 0
-114 -105 0
-114 -195 0
-114 -204 0
-114 -213 0
-123 -105 0
-123 -195 0
-123 -204 0
-123 -213 0
-34 -16 0
-34 -25 0
-34 -115 0
-34 -124 0
-34 -133 0
-34 -196 0
-34 -205 0
-34 -214 0
-43 -25 0
-43 -115 0
-43 -124 0
-43 -133 0
-43 -196 0
-43 -205 0
-43 -214 0
-115 -97 0
-115 -106 0
-115 -196 0
-115 -205 0
-115 -214 0
-124 -106 0
-124 -196 0
-124 -205 0
-124 -214 0
-35 -17 0
-35 -26 0
-35 -116 0
-35 -125 0
-35 -134 0
-35 -197 0
-35 -206 0
-35 -215 0
-44 -26 0
-44 -116 0
-44 -125 0
-44 -134 0
-44 -197 0
-44 -206 0
-44 -215 0
-116 -98 0
-116 -107 0
-116 -197 0
-116 -206 0
-116 -215 0
-125 -107 0
-125 -197 0
-125 -206 0
-125 -215 0
-36 -18 0
-36 -27 0
-36 -117 0
-36 -126 0
-36 -135 0
-36 -198 0
-36 -207 0
-36 -216 0
-45 -27 0
-45 -117 0
-45 -126 0
-45 -135 0
-45 -198 0
-45 -207 0
-45 -216 0
-117 -99 0
-117 -108 0
-117 -198 0
-117 -207 0
-117 -216 0
-126 -108 0
-126 -198 0
-126 -207 0
-126 -216 0
-55 -10 0
-55 -19 0
-55 -136 0
-55 -145 0
-55 -154 0
-55 -217 0
-55 -226 0
-55 -235 0
-64 -19 0
-64 -136 0
-64 -145 0
-64 -154 0
-64 -217 0
-64 -226 0
-64 -235 0
-136 -91 0
-136 -100 0
-136 -217 0
-136 -226 0
-136 -235 0
-145 -100 0
-145 -217 0
-145 -226 0
-145 -235 0
-56 -11 0
-56 -20 0
-56 -137 0
-56 -146 0
-56 -155 0
-56 -218 0
-56 -227 0
-56 -236 0
-65 -20 0
-65 -137 0
-65 -146 0
-65 -155 0
-65 -218 0
-65 -227 0
-65 -236 0
-137 -92 0
-137 -101 0
-137 -218 0
-137 -227 0
-137 -236 0
-146 -101 0
-146 -218 0
-146 -227 0
-146 -236 0
-57 -12 0
-57 -21 0
-57 -138 0
-57 -147 0
-57 -156 0
-57 -219 0
-57 -228 0
-57 -237 0
-66 -21 0
-66 -138 0
-66 -147 0
-66 -156 0
-66 -219 0
-66 -228 0
-66 -237 0
-138 -93 0
-138 -102 0
-138 -219 0
-138 -228 0
-138 -237 0
-147 -102 0
-147 -219 0
-147 -228 0
-147 -237 0
-58 -13 0
-58 -22 0
-58 -139 0
-58 -148 0
-58 -157 0
-58 -220 0
-58 -229 0
-58 -238 0
-67 -22 0
-67 -139 0
-67 -148 0
-67 -157 0
-67 -220 0
-67 -229 0
-67 -238 0
-139 -94 0
-139 -103 0
-139 -220 0
-139 -229 0
-139 -238 0
-148 -103 0
-148 -220 0
-148 -229 0
-148 -238 0
-59 -14 0
-59 -23 0
-59 -140 0
-59 -149 0
-59 -158 0
-59 -221 0
-59 -230 0
-59 -239 0
-68 -23 0
-68 -140 0
-68 -149 0
-68 -158 0
-68 -221 0
-68 -230 0
-68 -239 0
-140 -95 0
-140 -104 0
-140 -221 0
-140 -230 0
-140 -239 0
-149 -104 0
-149 -221 0
-149 -230 0
-149 -239 0
-60 -15 0
-60 -24 0
-60 -141 0
-60 -150 0
-60 -159 0
-60 -222 0
-60 -231 0
-60 -240 0
-69 -24 0
-69 -141 0
-69 -150 0
-69 -159 0
-69 -222 0
-69 -231 0
-69 -240 0
-141 -96 0
-141 -105 0
-141 -222 0
-141 -231 0
-141 -240 0
-150 -105 0
-150 -222 0
-150 -231 0
-150 -240 0
-61 -16 0
-61 -25 0
-61 -142 0
-61 -151 0
-61 -160 0
-61 -223 0
-61 -232 0
-61 -241 0
-70 -25 0
-70 -142 0
-70 -151 0
-70 -160 0
-70 -223 0
-70 -232 0
-70 -241 0
-142 -97 0
-142 -106 0
-142 -223 0
-142 -232 0
-142 -241 0
-151 -106 0
-151 -223 0
-151 -232 0
-151 -241 0
-62 -17 0
-62 -26 0
-62 -143 0
-62 -152 0
-62 -161 0
-62 -224 0
-62 -233 0
-62 -242 0
-71 -26 0
-71 -143 0
-71 -152 0
-71 -161 0
-71 -224 0
-71 -233 0
-71 -242 0
-143 -98 0
-143 -107 0
-143 -224 0
-143 -233 0
-143 -242 0
-152 -107 0
-152 -224 0
-152 -233 0
-152 -242 0
-63 -18 0
-63 -27 0
-63 -144 0
-63 -153 0
-63 -162 0
-63 -225 0
-63 -234 0
-63 -243 0
-72 -27 0
-72 -144 0
-72 -153 0
-72 -162 0
-72 -225 0
-72 -234 0
-72 -243 0
-144 -99 0
-144 -108 0
-144 -225 0
-144 -234 0
-144 -243 0
-153 -108 0
-153 -225 0
-153 -234 0
-153 -243 0
-244 -280 0
-244 -289 0
-244 -325 0
-244 -334 0
-244 -343 0
-244 -406 0
-244 -415 0
-244 -424 0
-253 -289 0
-253 -325 0
-253 -334 0
-253 -343 0
-253 -406 0
-253 -415 0
-253 -424 0
-325 -361 0
-325 -370 0
-325 -406 0
-325 -415 0
-325 -424 0
-334 -370 0
-334 -406 0
-334 -415 0
-334 -424 0
-245 -281 0
-245 -290 0
-245 -326 0
-245 -335 0
-245 -344 0
-245 -407 0
-245 -416 0
-245 -425 0
-254 -290 0
-254 -326 0
-254 -335 0
-254 -344 0
-254 -407 0
-254 -416 0
-254 -425 0
-326 -362 0
-326 -371 0
-326 -407 0
-326 -416 0
-326 -425 0
-335 -371 0
-335 -407 0
-335 -416 0
-335 -425 0
-246 -282 0
-246 -291 0
-246 -327 0
-246 -336 0
-246 -345 0
-246 -408 0
-246 -417 0
-246 -426 0
-255 -291 0
-255 -327 0
-255 -336 0
-255 -345 0
-255 -408 0
-255 -417 0
-255 -426 0
-327 -363 0
-327 -372 0
-327 -408 0
-327 -417 0
-327 -426 0
-336 -372 0
-336 -408 0
-336 -417 0
-336 -426 0
-247 -283 0
-247 -292 0
-247 -328 0
-247 -337 0
-247 -346 0
-247 -409 0
-247 -418 0
-247 -427 0
-256 -292 0
-256 -328 0
-256 -337 0
-256 -346 0
-256 -409 0
-256 -418 0
-256 -427 0
-328 -364 0
-328 -373 0
-328 -409 0
-328 -418 0
-328 -427 0
-337 -373 0
-337 -409 0
-337 -418 0
-337 -427 0
-248 -284 0
-248 -293 0
-248 -329 0
-248 -338 0
-248 -347 0
-248 -410 0
-248 -419 0
-248 -428 0
-257 -293 0
-257 -329 0
-257 -338 0
-257 -347 0
-257 -410 0
-257 -419 0
-257 -428 0
-329 -365 0
-329 -374 0
-329 -410 0
-329 -419 0
-329 -428 0
-338 -374 0
-338 -410 0
-338 -419 0
-338 -428 0
-249 -285 0
-249 -294 0
-249 -330 0
-249 -339 0
-249 -348 0
-249 -411 0
-249 -420 0
-249 -429 0
-258 -294 0
-258 -330 0
-258 -339 0
-258 -348 0
-258 -411 0
-258 -420 0
-258 -429 0
-330 -366 0
-330 -375 0
-330 -411 0
-330 -420 0
-330 -429 0
-339 -375 0
-339 -411 0
-339 -420 0
-339 -429 0
-250 -286 0
-250 -295 0
-250 -331 0
-250 -340 0
-250 -349 0
-250 -412 0
-250 -421 0
-250 -430 0
-259 -295 0
-259 -331 0
-259 -340 0
-259 -349 0
-259 -412 0
-259 -421 0
-259 -430 0
-331 -367 0
-331 -376 0
-331 -412 0
-331 -421 0
-331 -430 0
-340 -376 0
-340 -412 0
-340 -421 0
-340 -430 0
-251 -287 0
-251 -296 0
-251 -332 0
-251 -341 0
-251 -350 0
-251 -413 0
-251 -422 0
-251 -431 0
-260 -296 0
-260 -332 0
-260 -341 0
-260 -350 0
-260 -413 0
-260 -422 0
-260 -431 0
-332 -368 0
-332 -377 0
-332 -413 0
-332 -422 0
-332 -431 0
-341 -377 0
-341 -413 0
-341 -422 0
-341 -431 0
-252 -288 0
-252 -297 0
-252 -333 0
-252 -342 0
-252 -351 0
-252 -414 0
-252 -423 0
-252 -432 0
-261 -297 0
-261 -333 0
-261 -342 0
-261 -351 0
-261 -414 0
-261 -423 0
-261 -432 0
-333 -369 0
-333 -378 0
-333 -414 0
-333 -423 0
-333 -432 0
-342 -378 0
-342 -414 0
-342 -423 0
-342 -432 0
-271 -280 0
-271 -289 0
-271 -352 0
-271 -361 0
-271 -370 0
-271 -433 0
-271 -442 0
-271 -451 0
-280 -289 0
-280 -352 0
-280 -361 0
-280 -370 0
-280 -433 0
-280 -442 0
-280 -451 0
-352 -361 0
-352 -370 0
-352 -433 0
-352 -442 0
-352 -451 0
-361 -370 0
-361 -433 0
-361 -442 0
-361 -451 0
-272 -281 0
-272 -290 0
-272 -353 0
-272 -362 0
-272 -371 0
-272 -434 0
-272 -443 0
-272 -452 0
-281 -290 0
-281 -353 0
-281 -362 0
-281 -371 0
-281 -434 0
-281 -443 0
-281 -452 0
-353 -362 0
-353 -371 0
-353 -434 0
-353 -443 0
-353 -452 0
-362 -371 0
-362 -434 0
-362 -443 0
-362 -452 0
-273 -282 0
-273 -291 0
-273 -354 0
-273 -363 0
-273 -372 0
-273 -435 0
-273 -444 0
-273 -453 0
-282 -291 0
-282 -354 0
-282 -363 0
-282 -372 0
-282 -435 0
-282 -444 0
-282 -453 0
-354 -363 0
-354 -372 0
-354 -435 0
-354 -444 0
-354 -453 0
-363 -372 0
-363 -435 0
-363 -444 0
-363 -453 0
-274 -283 0
-274 -292 0
-274 -355 0
-274 -364 0
-274 -373 0
-274 -436 0
-274 -445 0
-274 -454 0
-283 -292 0
-283 -355 0
-283 -364 0
-283 -373 0
-283 -436 0
-283 -445 0
-283 -454 0
-355 -364 0
-355 -373 0
-355 -436 0
-355 -445 0
-355 -454 0
-364 -373 0
-364 -436 0
-364 -445 0
-364 -454 0
-275 -284 0
-275 -293 0
-275 -356 0
-275 -365 0
-275 -374 0
-275 -437 0
-275 -446 0
-275 -455 0
-284 -293 0
-284 -356 0
-284 -365 0
-284 -374 0
-284 -437 0
-284 -446 0
-284 -455 0
-356 -365 0
-356 -374 0
-356 -437 0
-356 -446 0
-356 -455 0
-365 -374 0
-365 -437 0
-365 -446 0
-365 -455 0
-276 -285 0
-276 -294 0
-276 -357 0
-276 -366 0
-276 -375 0
-276 -438 0
-276 -447 0
-276 -456 0
-285 -294 0
-285 -357 0
-285 -366 0
-285 -375 0
-285 -438 0
-285 -447 0
-285 -456 0
-357 -366 0
-357 -375 0
-357 -438 0
-357 -447 0
-357 -456 0
-366 -375 0
-366 -438 0
-366 -447 0
-366 -456 0
-277 -286 0
-277 -295 0
-277 -358 0
-277 -367 0
-277 -376 0
-277 -439 0
-277 -448 0
-277 -457 0
-286 -295 0
-286 -358 0
-286 -367 0
-286 -376 0
-286 -439 0
-286 -448 0
-286 -457 0
-358 -367 0
-358 -376 0
-358 -439 0
-358 -448 0
-358 -457 0
-367 -376 0
-367 -439 0
-367 -448 0
-367 -457 0
-278 -287 0
-278 -296 0
-278 -359 0
-278 -368 0
-278 -377 0
-278 -440 0
-278 -449 0
-278 -458 0
-287 -296 0
-287 -359 0
-287 -368 0
-287 -377 0
-287 -440 0
-287 -449 0
-287 -458 0
-359 -368 0
-359 -377 0
-359 -440 0
-359 -449 0
-359 -458 0
-368 -377 0
-368 -440 0
-368 -449 0
-368 -458 0
-279 -288 0
-279 -297 0
-279 -360 0
-279 -369 0
-279 -378 0
-279 -441 0
-279 -450 0
-279 -459 0
-288 -297 0
-288 -360 0
-288 -369 0
-288 -378 0
-288 -441 0
-288 -450 0
-288 -459 0
-360 -369 0
-360 -378 0
-360 -441 0
-360 -450 0
-360 -459 0
-369 -378 0
-369 -441 0
-369 -450 0
-369 -459 0
-298 -280 0
-298 -289 0
-298 -379 0
-298 -388 0
-298 -397 0
-298 -460 0
-298 -469 0
-298 -478 0
-307 -289 0
-307 -379 0
-307 -388 0
-307 -397 0
-307 -460 0
-307 -469 0
-307 -478 0
-379 -361 0
-379 -370 0
-379 -460 0
-379 -469 0
-379 -478 0
-388 -370 0
-388 -460 0
-388 -469 0
-388 -478 0
-299 -281 0
-299 -290 0
-299 -380 0
-299 -389 0
-299 -398 0
-299 -461 0
-299 -470 0
-299 -479 0
-308 -290 0
-308 -380 0
-308 -389 0
-308 -398 0
-308 -461 0
-308 -470 0
-308 -479 0
-380 -362 0
-380 -371 0
-380 -461 0
-380 -470 0
-380 -479 0
-389 -371 0
-389 -461 0
-389 -470 0
-389 -479 0
-300 -282 0
-300 -291 0
-300 -381 0
-300 -390 0
-300 -399 0
-300 -462 0
-300 -471 0
-300 -480 0
-309 -291 0
-309 -381 0
-309 -390 0
-309 -399 0
-309 -462 0
-309 -471 0
-309 -480 0
-381 -363 0
-381 -372 0
-381 -462 0
-381 -471 0
-381 -480 0
-390 -372 0
-390 -462 0
-390 -471 0
-390 -480 0
-301 -283 0
-301 -292 0
-301 -382 0
-301 -391 0
-301 -400 0
-301 -463 0
-301 -472 0
-301 -481 0
-310 -292 0
-310 -382 0
-310 -391 0
-310 -400 0
-310 -463 0
-310 -472 0
-310 -481 0
-382 -364 0
-382 -373 0
-382 -463 0
-382 -472 0
-382 -481 0
-391 -373 0
-391 -463 0
-391 -472 0
-391 -481 0
-302 -284 0
-302 -293 0
-302 -383 0
-302 -392 0
-302 -401 0
-302 -464 0
-302 -473 0
-302 -482 0
-311 -293 0
-311 -383 0
-311 -392 0
-311 -401 0
-311 -464 0
-311 -473 0
-311 -482 0
-383 -365 0
-383 -374 0
-383 -464 0
-383 -473 0
-383 -482 0
-392 -374 0
-392 -464 0
-392 -473 0
-392 -482 0
-303 -285 0
-303 -294 0
-303 -384 0
-303 -393 0
-303 -402 0
-303 -465 0
-303 -474 0
-303 -483 0
-312 -294 0
-312 -384 0
-312 -393 0
-312 -402 0
-312 -465 0
-312 -474 0
-312 -483 0
-384 -366 0
-384 -375 0
-384 -465 0
-384 -474 0
-384 -483 0
-393 -375 0
-393 -465 0
-393 -474 0
-393 -483 0
-304 -286 0
-304 -295 0
-304 -385 0
-304 -394 0
-304 -403 0
-304 -466 0
-304 -475 0
-304 -484 0
-313 -295 0
-313 -385 0
-313 -394 0
-313 -403 0
-313 -466 0
-313 -475 0
-313 -484 0
-385 -367 0
-385 -376 0
-385 -466 0
-385 -475 0
-385 -484 0
-394 -376 0
-394 -466 0
-394 -475 0
-394 -484 0
-305 -287 0
-305 -296 0
-305 -386 0
-305 -395 0
-305 -404 0
-305 -467 0
-305 -476 0
-305 -485 0
-314 -296 0
-314 -386 0
-314 -395 0
-314 -404 0
-314 -467 0
-314 -476 0
-314 -485 0
-386 -368 0
-386 -377 0
-386 -467 0
-386 -476 0
-386 -485 0
-395 -377 0
-395 -467 0
-395 -476 0
-395 -485 0
-306 -288 0
-306 -297 0
-306 -387 0
-306 -396 0
-306 -405 0
-306 -468 0
-306 -477 0
-306 -486 0
-315 -297 0
-315 -387 0
-315 -396 0
-315 -405 0
-315 -468 0
-315 -477 0
-315 -486 0
-387 -369 0
-387 -378 0
-387 -468 0
-387 -477 0
-387 -486 0
-396 -378 0
-396 -468 0
-396 -477 0
-396 -486 0
-487 -550 0
-487 -559 0
-487 -568 0
-487 -577 0
-487 -586 0
-487 -649 0
-487 -658 0
-487 -667 0
-496 -559 0
-496 -568 0
-496 -577 0
-496 -586 0
-496 -649 0
-496 -658 0
-496 -667 0
-568 -631 0
-568 -640 0
-568 -649 0
-568 -658 0
-568 -667 0
-577 -640 0
-577 -649 0
-577 -658 0
-577 -667 0
-488 -551 0
-488 -560 0
-488 -569 0
-488 -578 0
-488 -587 0
-488 -650 0
-488 -659 0
-488 -668 0
-497 -560 0
-497 -569 0
-497 -578 0
-497 -587 0
-497 -650 0
-497 -659 0
-497 -668 0
-569 -632 0
-569 -641 0
-569 -650 0
-569 -659 0
-569 -668 0
-578 -641 0
-578 -650 0
-578 -659 0
-578 -668 0
-489 -552 0
-489 -561 0
-489 -570 0
-489 -579 0
-489 -588 0
-489 -651 0
-489 -660 0
-489 -669 0
-498 -561 0
-498 -570 0
-498 -579 0
-498 -588 0
-498 -651 0
-498 -660 0
-498 -669 0
-570 -633 0
-570 -642 0
-570 -651 0
-570 -660 0
-570 -669 0
-579 -642 0
-579 -651 0
-579 -660 0
-579 -669 0
-490 -553 0
-490 -562 0
-490 -571 0
-490 -580 0
-490 -589 0
-490 -652 0
-490 -661 0
-490 -670 0
-499 -562 0
-499 -571 0
-499 -580 0
-499 -589 0
-499 -652 0
-499 -661 0
-499 -670 0
-571 -634 0
-571 -643 0
-571 -652 0
-571 -661 0
-571 -670 0
-580 -643 0
-580 -652 0
-580 -661 0
-580 -670 0
-491 -554 0
-491 -563 0
-491 -572 0
-491 -581 0
-491 -590 0
-491 -653 0
-491 -662 0
-491 -671 0
-500 -563 0
-500 -572 0
-500 -581 0
-500 -590 0
-500 -653 0
-500 -662 0
-500 -671 0
-572 -635 0
-572 -644 0
-572 -653 0
-572 -662 0
-572 -671 0
-581 -644 0
-581 -653 0
-581 -662 0
-581 -671 0
-492 -555 0
-492 -564 0
-492 -573 0
-492 -582 0
-492 -591 0
-492 -654 0
-492 -663 0
-492 -672 0
-501 -564 0
-501 -573 0
-501 -582 0
-501 -591 0
-501 -654 0
-501 -663 0
-501 -672 0
-573 -636 0
-573 -645 0
-573 -654 0
-573 -663 0
-573 -672 0
-582 -645 0
-582 -654 0
-582 -663 0
-582 -672 0
-493 -556 0
-493 -565 0
-493 -574 0
-493 -583 0
-493 -592 0
-493 -655 0
-493 -664 0
-493 -673 0
-502 -565 0
-502 -574 0
-502 -583 0
-502 -592 0
-502 -655 0
-502 -664 0
-502 -673 0
-574 -637 0
-574 -646 0
-574 -655 0
-574 -664 0
-574 -673 0
-583 -646 0
-583 -655 0
-583 -664 0
-583 -673 0
-494 -557 0
-494 -566 0
-494 -575 0
-494 -584 0
-494 -593 0
-494 -656 0
-494 -665 0
-494 -674 0
-503 -566 0
-503 -575 0
-503 -584 0
-503 -593 0
-503 -656 0
-503 -665 0
-503 -674 0
-575 -638 0
-575 -647 0
-575 -656 0
-575 -665 0
-575 -674 0
-584 -647 0
-584 -656 0
-584 -665 0
-584 -674 0
-495 -558 0
-495 -567 0
-495 -576 0
-495 -585 0
-495 -594 0
-495 -657 0
-495 -666 0
-495 -675 0
-504 -567 0
-504 -576 0
-504 -585 0
-504 -594 0
-504 -657 0
-504 -666 0
-504 -675 0
-576 -639 0
-576 -648 0
-576 -657 0
-576 -666 0
-576 -675 0
-585 -648 0
-585 -657 0
-585 -666 0
-585 -675 0
-514 -550 0
-514 -559 0
-514 -595 0
-514 -604 0
-514 -613 0
-514 -676 0
-514 -685 0
-514 -694 0
-523 -559 0
-523 -595 0
-523 -604 0
-523 -613 0
-523 -676 0
-523 -685 0
-523 -694 0
-595 -631 0
-595 -640 0
-595 -676 0
-595 -685 0
-595 -694 0
-604 -640 0
-604 -676 0
-604 -685 0
-604 -694 0
-515 -551 0
-515 -560 0
-515 -596 0
-515 -605 0
-515 -614 0
-515 -677 0
-515 -686 0
-515 -695 0
-524 -560 0
-524 -596 0
-524 -605 0
-524 -614 0
-524 -677 0
-524 -686 0
-524 -695 0
-596 -632 0
-596 -641 0
-596 -677 0
-596 -686 0
-596 -695 0
-605 -641 0
-605 -677 0
-605 -686 0
-605 -695 0
-516 -552 0
-516 -561 0
-516 -597 0
-516 -606 0
-516 -615 0
-516 -678 0
-516 -687 0
-516 -696 0
-525 -561 0
-525 -597 0
-525 -606 0
-525 -615 0
-525 -678 0
-525 -687 0
-525 -696 0
-597 -633 0
-597 -642 0
-597 -678 0
-597 -687 0
-597 -696 0
-606 -642 0
-606 -678 0
-606 -687 0
-606 -696 0
-517 -553 0
-517 -562 0
-517 -598 0
-517 -607 0
-517 -616 0
-517 -679 0
-517 -688 0
-517 -697 0
-526 -562 0
-526 -598 0
-526 -607 0
-526 -616 0
-526 -679 0
-526 -688 0
-526 -697 0
-598 -634 0
-598 -643 0
-598 -679 0
-598 -688 0
-598 -697 0
-607 -643 0
-607 -679 0
-607 -688 0
-607 -697 0
-518 -554 0
-518 -563 0
-518 -599 0
-518 -608 0
-518 -617 0
-518 -680 0
-518 -689 0
-518 -698 0
-527 -563 0
-527 -599 0
-527 -608 0
-527 -617 0
-527 -680 0
-527 -689 0
-527 -698 0
-599 -635 0
-599 -644 0
-599 -680 0
-599 -689 0
-599 -698 0
-608 -644 0
-608 -680 0
-608 -689 0
-608 -698 0
-519 -555 0
-519 -564 0
-519 -600 0
-519 -609 0
-519 -618 0
-519 -681 0
-519 -690 0
-519 -699 0
-528 -564 0
-528 -600 0
-528 -609 0
-528 -618 0
-528 -681 0
-528 -690 0
-528 -699 0
-600 -636 0
-600 -645 0
-600 -681 0
-600 -690 0
-600 -699 0
-609 -645 0
-609 -681 0
-609 -690 0
-609 -699 0
-520 -556 0
-520 -565 0
-520 -601 0
-520 -610 0
-520 -619 0
-520 -682 0
-520 -691 0
-520 -700 0
-529 -565 0
-529 -601 0
-529 -610 0
-529 -619 0
-529 -682 0
-529 -691 0
-529 -700 0
-601 -637 0
-601 -646 0
-601 -682 0
-601 -691 0
-601 -700 0
-610 -646 0
-610 -682 0
-610 -691 0
-610 -700 0
-521 -557 0
-521 -566 0
-521 -602 0
-521 -611 0
-521 -620 0
-521 -683 0
-521 -692 0
-521 -701 0
-530 -566 0
-530 -602 0
-530 -611 0
-530 -620 0
-530 -683 0
-530 -692 0
-530 -701 0
-602 -638 0
-602 -647 0
-602 -683 0
-602 -692 0
-602 -701 0
-611 -647 0
-611 -683 0
-611 -692 0
-611 -701 0
-522 -558 0
-522 -567 0
-522 -603 0
-522 -612 0
-522 -621 0
-522 -684 0
-522 -693 0
-522 -702 0
-531 -567 0
-531 -603 0
-531 -612 0
-531 -621 0
-531 -684 0
-531 -693 0
-531 -702 0
-603 -639 0
-603 -648 0
-603 -684 0
-603 -693 0
-603 -702 0
-612 -648 0
-612 -684 0
-612 -693 0
-612 -702 0
-541 -550 0
-541 -559 0
-541 -622 0
-541 -631 0
-541 -640 0
-541 -703 0
-541 -712 0
-541 -721 0
-550 -559 0
-550 -622 0
-550 -631 0
-550 -640 0
-550 -703 0
-550 -712 0
-550 -721 0
-622 -631 0
-622 -640 0
-622 -703 0
-622 -712 0
-622 -721 0
-631 -640 0
-631 -703 0
-631 -712 0
-631 -721 0
-542 -551 0
-542 -560 0
-542 -623 0
-542 -632 0
-542 -641 0
-542 -704 0
-542 -713 0
-542 -722 0
-551 -560 0
-551 -623 0
-551 -632 0
-551 -641 0
-551 -704 0
-551 -713 0
-551 -722 0
-623 -632 0
-623 -641 0
-623 -704 0
-623 -713 0
-623 -722 0
-632 -641 0
-632 -704 0
-632 -713 0
-632 -722 0
-543 -552 0
-543 -561 0
-543 -624 0
-543 -633 0
-543 -642 0
-543 -705 0
-543 -714 0
-543 -723 0
-552 -561 0
-552 -624 0
-552 -633 0
-552 -642 0
-552 -705 0
-552 -714 0
-552 -723 0
-624 -633 0
-624 -642 0
-624 -705 0
-624 -714 0
-624 -723 0
-633 -642 0
-633 -705 0
-633 -714 0
-633 -723 0
-544 -553 0
-544 -562 0
-544 -625 0
-544 -634 0
-544 -643 0
-544 -706 0
-544 -715 0
-544 -724 0
-553 -562 0
-553 -625 0
-553 -634 0
-553 -643 0
-553 -706 0
-553 -715 0
-553 -724 0
-625 -634 0
-625 -643 0
-625 -706 0
-625 -715 0
-625 -724 0
-634 -643 0
-634 -706 0
-634 -715 0
-634 -724 0
-545 -554 0
-545 -563 0
-545 -626 0
-545 -635 0
-545 -644 0
-545 -707 0
-545 -716 0
-545 -725 0
-554 -563 0
-554 -626 0
-554 -635 0
-554 -644 0
-554 -707 0
-554 -716 0
-554 -725 0
-626 -635 0
-626 -644 0
-626 -707 0
-626 -716 0
-626 -725 0
-635 -644 0
-635 -707 0
-635 -716 0
-635 -725 0
-546 -555 0
-546 -564 0
-546 -627 0
-546 -636 0
-546 -645 0
-546 -708 0
-546 -717 0
-546 -726 0
-555 -564 0
-555 -627 0
-555 -636 0
-555 -645 0
-555 -708 0
-555 -717 0
-555 -726 0
-627 -636 0
-627 -645 0
-627 -708 0
-627 -717 0
-627 -726 0
-636 -645 0
-636 -708 0
-636 -717 0
-636 -726 0
-547 -556 0
-547 -565 0
-547 -628 0
-547 -637 0
-547 -646 0
-547 -709 0
-547 -718 0
-547 -727 0
-556 -565 0
-556 -628 0
-556 -637 0
-556 -646 0
-556 -709 0
-556 -718 0
-556 -727 0
-628 -637 0
-628 -646 0
-628 -709 0
-628 -718 0
-628 -727 0
-637 -646 0
-637 -709 0
-637 -718 0
-637 -727 0
-548 -557 0
-548 -566 0
-548 -629 0
-548 -638 0
-548 -647 0
-548 -710 0
-548 -719 0
-548 -728 0
-557 -566 0
-557 -629 0
-557 -638 0
-557 -647 0
-557 -710 0
-557 -719 0
-557 -728 0
-629 -638 0
-629 -647 0
-629 -710 0
-629 -719 0
-629 -728 0
-638 -647 0
-638 -710 0
-638 -719 0
-638 -728 0
-549 -558 0
-549 -567 0
-549 -630 0
-549 -639 0
-549 -648 0
-549 -711 0
-549 -720 0
-549 -729 0
-558 -567 0
-558 -630 0
-558 -639 0
-558 -648 0
-558 -711 0
-558 -720 0
-558 -729 0
-630 -639 0
-630 -648 0
-630 -711 0
-630 -720 0
-630 -729 0
-639 -648 0
-639 -711 0
-639 -720 0
-639 -729 0
